5 0.5020449897750511 0.14096916299559473 0.04294478527607362 0.16299559471365638
5 0.6099182004089979 0.13986784140969163 0.03987730061349693 0.16079295154185022
5 0.7213701431492843 0.14427312775330398 0.03578732106339468 0.16079295154185022
5 0.8225971370143149 0.14317180616740088 0.03578732106339468 0.15859030837004406
5 0.9263803680981595 0.14317180616740088 0.032719836400818 0.15859030837004406
5 0.7193251533742331 0.44933920704845814 0.03578732106339468 0.2026431718061674
5 0.8246421267893661 0.44493392070484583 0.03578732106339468 0.19383259911894274
5 0.9320040899795501 0.44823788546255505 0.03987730061349693 0.18722466960352424
5 0.7193251533742331 0.7533039647577092 0.03374233128834356 0.1894273127753304
5 0.8271983640081799 0.75 0.04294478527607362 0.20484581497797358
5 0.9355828220858896 0.751101321585903 0.03885480572597137 0.18061674008810572
5 0.3911042944785276 0.762114537444934 0.046012269938650305 0.19823788546255505
5 0.2796523517382413 0.7610132158590308 0.041922290388548056 0.19162995594713655
5 0.3911042944785276 0.44713656387665196 0.03987730061349693 0.2026431718061674
5 0.5 0.44713656387665196 0.0408997955010225 0.2026431718061674
5 0.6104294478527608 0.4460352422907489 0.03885480572597137 0.20044052863436124
5 0.3911042944785276 0.13766519823788545 0.03987730061349693 0.16519823788546256
5 0.28067484662576686 0.13986784140969163 0.03987730061349693 0.17400881057268722
5 0.28016359918200406 0.4460352422907489 0.03885480572597137 0.1960352422907489
5 0.16666666666666666 0.44493392070484583 0.0408997955010225 0.2026431718061674
5 0.16768916155419222 0.13656387665198239 0.03885480572597137 0.17180616740088106
5 0.06083844580777096 0.13215859030837004 0.03783231083844581 0.17180616740088106
5 0.058793456032719835 0.44052863436123346 0.03783231083844581 0.20704845814977973
5 0.16717791411042945 0.7577092511013216 0.03783231083844581 0.1894273127753304
5 0.05521472392638037 0.7610132158590308 0.0408997955010225 0.1828193832599119
