1 0.9378990133488102 0.6634205721241632 0.09170052234474753 0.06573341448569689
1 0.5835751596053396 0.54169202678028 0.09808473592571097 0.06573341448569689
1 0.9381892048752176 0.1746804625684723 0.0922809053975624 0.06938527084601338
1 0.5850261172373766 0.6643335362142423 0.09982588508415555 0.06634205721241632
1 0.4442832269297737 0.5419963481436397 0.09808473592571097 0.06634205721241632
1 0.3334300638421358 0.29762629336579427 0.10156703424260012 0.06695069993913573
4 0.0844457341845618 0.9357881923311017 0.09692396982008125 0.08703590992087644
1 0.08415554265815438 0.17102860620815583 0.09518282066163668 0.06938527084601338
1 0.4445734184561811 0.6640292148508825 0.09866511897852583 0.06573341448569689
1 0.4439930354033662 0.2985392574558734 0.09866511897852583 0.06755934266585514
1 0.8334300638421358 0.6640292148508825 0.09982588508415555 0.06451612903225806
1 0.6929773650609402 0.2985392574558734 0.09982588508415555 0.06755934266585514
1 0.832269297736506 0.2994522215459525 0.10098665118978525 0.06816798539257456
1 0.1909460243760882 0.04990870359099209 0.09866511897852583 0.06938527084601338
1 0.4431224608241439 0.05143031040779063 0.09924550203134068 0.07121119902617164
1 0.5835751596053396 0.2988435788192331 0.1004062681369704 0.06816798539257456
1 0.583284968078932 0.05143031040779063 0.10098665118978525 0.07121119902617164
1 0.832269297736506 0.05295191722458917 0.09982588508415555 0.06938527084601338
1 0.6926871735345328 0.05264759586122946 0.1004062681369704 0.07121119902617164
1 0.938479396401625 0.05295191722458917 0.09286128845037725 0.06816798539257456
1 0.3322692977365061 0.04990870359099209 0.10156703424260012 0.07060255629945222
1 0.08299477655252467 0.04716981132075472 0.0975043528728961 0.06999391357273281
1 0.19123621590249565 0.1701156421180767 0.09924550203134068 0.06999391357273281
1 0.3319791062100987 0.17163724893487523 0.10098665118978525 0.07181984175289105
1 0.4422518862449216 0.17285453438831405 0.09866511897852583 0.07303712720632989
1 0.581834010446895 0.1746804625684723 0.09924550203134068 0.06938527084601338
1 0.6923969820081254 0.174984783931832 0.0975043528728961 0.06634205721241632
1 0.832269297736506 0.17315885575167378 0.10214741729541497 0.06877662811929397
1 0.08415554265815438 0.29306147291539864 0.0963435867672664 0.06877662811929397
1 0.1915264074289031 0.2948874010955569 0.09982588508415555 0.06877662811929397
1 0.0844457341845618 0.4163116250760803 0.09692396982008125 0.06938527084601338
1 0.1906558328496808 0.41722458916615945 0.09692396982008125 0.06634205721241632
1 0.3351712130005804 0.4181375532562386 0.1004062681369704 0.06816798539257456
1 0.4431224608241439 0.41783323189287885 0.09692396982008125 0.06999391357273281
1 0.5827045850261172 0.42087644552647596 0.10098665118978525 0.06755934266585514
1 0.6923969820081254 0.4190505173463177 0.0975043528728961 0.06877662811929397
1 0.8316889146836912 0.42026780279975656 0.0963435867672664 0.06634205721241632
1 0.8319791062100986 0.5407790626902008 0.1004062681369704 0.06877662811929397
1 0.6929773650609402 0.5413877054169203 0.0975043528728961 0.06755934266585514
1 0.3334300638421358 0.5401704199634815 0.10272780034822983 0.06877662811929397
1 0.1918165989553105 0.5410833840535606 0.09924550203134068 0.06816798539257456
1 0.08502611723737667 0.5389531345100426 0.09576320371445154 0.06755934266585514
1 0.938479396401625 0.2973219720024346 0.09170052234474753 0.06755934266585514
1 0.938479396401625 0.418746195982958 0.0893789901334881 0.06695069993913573
1 0.937028438769588 0.5419963481436397 0.08995937318630295 0.06512477175897748
1 0.6932675565873476 0.6628119293974437 0.09808473592571097 0.06816798539257456
1 0.3343006384213581 0.6634205721241632 0.09982588508415555 0.06695069993913573
1 0.19239698200812536 0.6615946439440049 0.09692396982008125 0.06695069993913573
1 0.19210679048171794 0.783323189287888 0.0963435867672664 0.06573341448569689
1 0.3354614045269878 0.785453438831406 0.09982588508415555 0.06999391357273281
1 0.4437028438769588 0.7836275106512477 0.09924550203134068 0.06999391357273281
1 0.5844457341845618 0.7842361533779671 0.10098665118978525 0.06877662811929397
1 0.6932675565873476 0.7851491174680463 0.09808473592571097 0.06816798539257456
1 0.8325594892629136 0.7845404747413268 0.1004062681369704 0.06816798539257456
1 0.9376088218224028 0.7848447961046866 0.0922809053975624 0.06755934266585514
1 0.08473592571096925 0.783323189287888 0.0975043528728961 0.07060255629945222
1 0.08415554265815438 0.660377358490566 0.09402205455600697 0.06816798539257456
4 0.19326755658734765 0.9367011564211808 0.09866511897852583 0.08886183810103469
4 0.334881021474173 0.9370054777845405 0.09982588508415555 0.09068776628119293
4 0.4445734184561811 0.9367011564211808 0.09866511897852583 0.08886183810103469
4 0.5847359257109692 0.9376141205112599 0.10272780034822983 0.0894704808277541
4 0.69413813116657 0.9360925136944613 0.09866511897852583 0.08642726719415703
4 0.8319791062100986 0.9351795496043822 0.09924550203134068 0.08703590992087644
4 0.9396401625072548 0.9339622641509434 0.09286128845037725 0.08581862446743761