2 0.13833841463414634 0.22111949186184995 0.10035569105691057 0.2445414847161572
2 0.26460873983739835 0.22369988090512108 0.11255081300813008 0.2369988090512108
2 0.3875762195121951 0.2294561333862644 0.11153455284552846 0.240571655418817
2 0.5373475609756098 0.23064708217546645 0.10823170731707317 0.2334259626836046
2 0.6545985772357723 0.2352123858674077 0.10238821138211382 0.23064708217546645
2 0.7776930894308943 0.2366018261214768 0.09959349593495935 0.22548630408892417
2 0.9195884146341463 0.23441842000793967 0.09629065040650407 0.2258832870186582
2 0.9326727642276422 0.6425168717745137 0.09908536585365854 0.23620484319174276
2 0.7817581300813008 0.6411274315204446 0.10264227642276423 0.23580786026200873
2 0.663109756097561 0.6468836840015879 0.10569105691056911 0.240968638348551
2 0.5411585365853658 0.6445017864231838 0.1092479674796748 0.24017467248908297
2 0.38960873983739835 0.6500595474394602 0.11509146341463415 0.24493846764589122
2 0.25863821138211385 0.6490670901151251 0.11636178861788618 0.24692338229456134
2 0.13058943089430894 0.6528384279475983 0.10670731707317073 0.25605398967844384