1 0.3595641646489104 0.8447024673439768 0.13123486682808716 0.12772133526850507
1 0.17046004842615012 0.8439767779390421 0.12203389830508475 0.1269956458635704
1 0.3665859564164649 0.6498548621190131 0.12397094430992736 0.13062409288824384
1 0.18256658595641648 0.6523947750362845 0.11428571428571428 0.13062409288824384
1 0.6031476997578693 0.6538461538461539 0.16319612590799032 0.13642960812772134
1 0.8191283292978209 0.6594702467343977 0.16416464891041163 0.13969521044992744
1 0.8191283292978209 0.45954281567489114 0.162227602905569 0.12808417997097243
1 0.6099273607748184 0.4624455732946299 0.1583535108958838 0.12808417997097243
1 0.3789346246973366 0.46661828737300437 0.1215496368038741 0.12844702467343977
1 0.19491525423728814 0.4629898403483309 0.11476997578692494 0.12917271407837447
1 0.20556900726392252 0.272677793904209 0.1108958837772397 0.12445573294629898
1 0.38232445520581115 0.2770319303338171 0.1215496368038741 0.12300435413642961
1 0.6104116222760291 0.2728592162554427 0.15544794188861985 0.12481857764876633
1 0.8222760290556901 0.2753991291727141 0.15883777239709443 0.12481857764876633
1 0.823728813559322 0.09179970972423802 0.15883777239709443 0.12264150943396226
1 0.6171912832929782 0.09488388969521044 0.15351089588377723 0.12155297532656023
1 0.38595641646489104 0.09415820029027576 0.11815980629539952 0.12227866473149492
1 0.20750605326876514 0.09814949201741655 0.1108958837772397 0.12300435413642961