4 0.9086502609992543 0.31862244897959185 0.08650260999254288 0.0923469387755102
4 0.9107009694258016 0.14285714285714285 0.08463832960477256 0.08979591836734693
4 0.9080909768829232 0.49107142857142855 0.08612975391498881 0.0933673469387755
4 0.9075316927665921 0.6668367346938775 0.087248322147651 0.09387755102040816
4 0.9071588366890381 0.8418367346938775 0.08575689783743475 0.09489795918367347
4 0.07662192393736018 0.23265306122448978 0.1226696495152871 0.09489795918367347
4 0.21495152870991796 0.23265306122448978 0.12043251304996272 0.09693877551020408
4 0.3529082774049217 0.23214285714285715 0.1226696495152871 0.09591836734693877
4 0.49198359433258765 0.2336734693877551 0.12416107382550336 0.09489795918367347
4 0.6303131991051454 0.23341836734693877 0.1226696495152871 0.0933673469387755
4 0.7708799403430275 0.23520408163265305 0.1256524981357196 0.09387755102040816
1 0.7458985831469053 0.861734693877551 0.05555555555555555 0.0836734693877551
1 0.802945563012677 0.8625 0.05704697986577181 0.08418367346938775
1 0.5857568978374348 0.8594387755102041 0.0529455630126771 0.08214285714285714
1 0.6424310216256525 0.8604591836734694 0.05741983594332588 0.08214285714285714
1 0.7460850111856824 0.7063775510204081 0.05592841163310962 0.08214285714285714
1 0.8027591349739001 0.7063775510204081 0.05667412378821775 0.08214285714285714
1 0.5883668903803132 0.7043367346938776 0.055182699478001494 0.08316326530612245
1 0.6448545861297539 0.7053571428571429 0.05630126771066368 0.08316326530612245
1 0.7475764354958986 0.549234693877551 0.05741983594332588 0.08214285714285714
1 0.8040641312453393 0.549234693877551 0.05555555555555555 0.08214285714285714
1 0.7486950037285608 0.39387755102040817 0.055182699478001494 0.0826530612244898
1 0.8051826994780015 0.39464285714285713 0.05555555555555555 0.08316326530612245
1 0.5909768829231916 0.3951530612244898 0.053691275167785234 0.08214285714285714
1 0.6470917225950783 0.39540816326530615 0.05779269202087994 0.08163265306122448
1 0.4696122296793438 0.3948979591836735 0.05555555555555555 0.0826530612244898
1 0.5259134973900075 0.39566326530612245 0.05630126771066368 0.08112244897959184
1 0.46756152125279643 0.5479591836734694 0.05667412378821775 0.0826530612244898
1 0.5242356450410142 0.549234693877551 0.055182699478001494 0.08418367346938775
1 0.5906040268456376 0.5487244897959184 0.05592841163310962 0.08112244897959184
1 0.6467188665175242 0.5489795918367347 0.05630126771066368 0.0836734693877551
1 0.46607009694258017 0.7028061224489796 0.05592841163310962 0.08214285714285714
1 0.522744220730798 0.7035714285714286 0.05667412378821775 0.0826530612244898
1 0.30891126025354215 0.8553571428571428 0.05555555555555555 0.08418367346938775
1 0.36521252796420584 0.8556122448979592 0.05704697986577181 0.0826530612244898
1 0.2431021625652498 0.8548469387755102 0.055182699478001494 0.08316326530612245
1 0.18754660700969425 0.8543367346938775 0.05741983594332588 0.08520408163265306
1 0.18978374347501864 0.6989795918367347 0.05592841163310962 0.08163265306122448
1 0.24571215510812827 0.7 0.055182699478001494 0.0836734693877551
1 0.3105891126025354 0.7002551020408163 0.05592841163310962 0.08418367346938775
1 0.3668903803131991 0.7012755102040816 0.05592841163310962 0.08214285714285714
1 0.030574198359433258 0.851530612244898 0.053691275167785234 0.0826530612244898
1 0.08650260999254288 0.851530612244898 0.05667412378821775 0.0836734693877551
1 0.03392990305741984 0.6971938775510204 0.05592841163310962 0.08214285714285714
1 0.08967188665175242 0.698469387755102 0.05480984340044743 0.0826530612244898
1 0.037099179716629384 0.5428571428571428 0.05555555555555555 0.08163265306122448
1 0.0924683072334079 0.5448979591836735 0.054436987322893364 0.0826530612244898
1 0.19202087994034303 0.5454081632653062 0.055182699478001494 0.08061224489795918
1 0.24683072334079045 0.5464285714285714 0.053691275167785234 0.08163265306122448
1 0.31282624906785983 0.5469387755102041 0.05667412378821775 0.08163265306122448
1 0.3693139448173005 0.5471938775510204 0.05480984340044743 0.08112244897959184
1 0.19444444444444445 0.39183673469387753 0.05630126771066368 0.08061224489795918
1 0.2494407158836689 0.3923469387755102 0.053691275167785234 0.0826530612244898
1 0.3145041014168531 0.3931122448979592 0.05555555555555555 0.08214285714285714
1 0.37024608501118567 0.39413265306122447 0.055182699478001494 0.08214285714285714
1 0.0389634601043997 0.39005102040816325 0.0540641312453393 0.08010204081632653
1 0.09395973154362416 0.39158163265306123 0.053691275167785234 0.08112244897959184
1 0.4632736763609247 0.8579081632653062 0.0540641312453393 0.08112244897959184
1 0.5199478001491424 0.8586734693877551 0.05704697986577181 0.0826530612244898