1 0.31612784717119763 0.07500818866688504 0.13776634827332843 0.08647232230592859
1 0.15484937545922117 0.12217490992466426 0.09515062454077884 0.07861120209629872
1 0.15484937545922117 0.29135276776940716 0.09147685525349009 0.07893874877169997
1 0.15227773695811903 0.45430723878152635 0.09221160911094783 0.07926629544710122
1 0.15044085231447465 0.6229937766131673 0.09588537839823659 0.08057648214870619
1 0.3152094048493755 0.5966262692433671 0.1351947097722263 0.08745496233213233
1 0.5240631888317414 0.5946609891909597 0.1318883174136664 0.08548968227972487
1 0.522226304188097 0.7702260072060269 0.13556208670095518 0.08548968227972487
1 0.31465833945628213 0.7723550605961349 0.13556208670095518 0.08254176220111366
1 0.14842027920646583 0.7910252210940059 0.09551800146950772 0.08188666885031116
1 0.1458486407053637 0.9547985587946283 0.09478324761204997 0.08385194890271863
1 0.31355620867009554 0.9428431051424828 0.13409257898603968 0.08221421552571241
1 0.5205731080088171 0.9418604651162791 0.13445995591476856 0.0835244022273174
1 0.727773695811903 0.9405502784146741 0.13299044819985306 0.08417949557811988
1 0.7296105804555474 0.7694071405175238 0.1337252020573108 0.08319685555191615
3 0.9333210874357091 0.8311496888306583 0.11498897869213813 0.05994104159842777
1 0.7299779573842763 0.5922043891254504 0.1351947097722263 0.08450704225352113
3 0.9336884643644379 0.6544382574516868 0.10911094783247612 0.05568293481821159
3 0.9346069066862601 0.5679659351457582 0.115356355620867 0.03996069439895185
3 0.9346069066862601 0.4785456927612185 0.11462160176340926 0.05109728136259417
3 0.936627479794269 0.391582050442188 0.11131520940484937 0.041598427775958076
1 0.7314474650991918 0.4158205044218801 0.1337252020573108 0.0835244022273174
1 0.5247979426891991 0.4190959711758926 0.13409257898603968 0.08090402882410744
1 0.31557678177810433 0.4225352112676056 0.1366642174871418 0.0858172289551261
1 0.3181484202792065 0.253684900098264 0.1337252020573108 0.08417949557811988
1 0.5270022042615724 0.24877169996724532 0.13482733284349743 0.08679986898132984
1 0.5260837619397501 0.07287913527677695 0.1351947097722263 0.08417949557811988
1 0.733651726671565 0.06796593514575827 0.1337252020573108 0.08614477563052735
1 0.7323659074210139 0.24434981984932852 0.13629684055841293 0.0858172289551261
3 0.9384643644379133 0.036030134294136915 0.11425422483468038 0.037340320995741895
3 0.9371785451873622 0.1254503766786767 0.112417340191036 0.057648214870619066
3 0.9368111682586333 0.21830985915492956 0.112417340191036 0.04094333442515558
3 0.936627479794269 0.3041270881100557 0.11498897869213813 0.0586308548968228