1 0.06831042845594179 0.45620022753128553 0.05092966855295069 0.20591581342434584
0 0.06130423066558879 0.8077360637087599 0.05308542171921315 0.1831626848691695
1 0.2426569657774185 0.8068828213879409 0.07356507679870655 0.18714448236632536
1 0.24925895984909727 0.45563139931740615 0.07221773106979251 0.20705346985210465
1 0.4073026138507141 0.45420932878270764 0.08973322554567502 0.20420932878270762
1 0.403934249528429 0.8077360637087599 0.08730800323362975 0.1831626848691695
1 0.5598221503637834 0.45449374288964733 0.1059013742926435 0.20477815699658702
1 0.5611694960926974 0.8094425483503982 0.10212880625168418 0.17974971558589306
1 0.7165184586364861 0.4525028441410694 0.08838587981676098 0.21217292377701935
1 0.7192131500943142 0.8043230944254836 0.08838587981676098 0.1820250284414107
1 0.8802209646995419 0.8017633674630261 0.07572082996496901 0.1746302616609784
1 0.8725410940447319 0.45164960182025027 0.07329560765292374 0.20819112627986347