3 0.08448371065709552 0.04937361827560796 0.08503589177250138 0.0759027266028003
1 0.507454445057979 0.1483050847457627 0.14467145223633351 0.09690493736182756
1 0.5066261733848703 0.3432203389830508 0.14853672004417448 0.09322033898305085
1 0.5080066261733849 0.5386882829771555 0.14798453892876864 0.09211495946941783
1 0.5063500828271673 0.7315770081061165 0.14688017669795694 0.09322033898305085
1 0.5063500828271673 0.9250184229918939 0.14908890115958034 0.09322033898305085
3 0.08641634456101602 0.24760501105379515 0.08779679734953065 0.07442888725128961
3 0.08724461623412479 0.44086219602063376 0.08614025400331309 0.07479734708916728
3 0.08614025400331309 0.6339351510685335 0.08724461623412479 0.07479734708916728
3 0.9265599116510216 0.6319086219602064 0.08614025400331309 0.0759027266028003
3 0.9276642738818333 0.4379145173176124 0.08724461623412479 0.07553426676492263
3 0.9257316399779127 0.24613117170228446 0.08779679734953065 0.07369196757553427
3 0.9276642738818333 0.046978629329403096 0.0883489784649365 0.07627118644067797
3 0.744064053009387 0.0821665438467207 0.11098840419657648 0.14369933677229182
3 0.7426836002208724 0.27818717759764183 0.10822749861954721 0.13264554163596168
3 0.7401987852015461 0.46978629329403093 0.10988404196576478 0.1363301400147384
3 0.7410270568746549 0.6613854089904201 0.11374930977360574 0.13559322033898305
3 0.2730535615681944 0.6645173176123802 0.11319712865819989 0.1389093588798821
3 0.27332965212589727 0.4727339719970523 0.10822749861954721 0.13780397936624908
3 0.27415792379900605 0.27708179808400885 0.11098840419657648 0.1414885777450258
3 0.2763666482606295 0.0847457627118644 0.10988404196576478 0.13411938098747236