4 0.4050561797752809 0.8198518518518518 0.27191011235955054 0.1860740740740741
1 0.18876404494382024 0.11866666666666667 0.12921348314606743 0.08266666666666667
1 0.39691011235955054 0.12029629629629629 0.15224719101123596 0.08237037037037037
1 0.6120786516853932 0.11777777777777777 0.15 0.08088888888888889
1 0.827808988764045 0.11733333333333333 0.15224719101123596 0.08177777777777778
1 0.85 0.32207407407407407 0.1662921348314607 0.08948148148148148
1 0.6224719101123596 0.3251851851851852 0.15730337078651685 0.08918518518518519
1 0.39747191011235955 0.3244444444444444 0.15674157303370786 0.09007407407407407
1 0.18146067415730338 0.3256296296296296 0.1393258426966292 0.08829629629629629
1 0.17275280898876405 0.5465185185185185 0.1455056179775281 0.10637037037037037
1 0.39831460674157304 0.5478518518518518 0.16741573033707866 0.10192592592592592
1 0.6365168539325843 0.5472592592592592 0.1651685393258427 0.10014814814814815
1 0.8710674157303371 0.546962962962963 0.17247191011235954 0.09659259259259259