8 0.407278 0.387181 0.044717 0.028486
8 0.599956 0.387556 0.047786 0.026237
8 0.412977 0.236132 0.044717 0.023238
8 0.599079 0.235195 0.044279 0.021364
8 0.424594 0.094453 0.041648 0.022489
8 0.599079 0.092204 0.049540 0.025487
8 0.885138 0.089580 0.046471 0.023988
8 0.896975 0.228636 0.042964 0.026987
8 0.917361 0.380435 0.051293 0.031484
8 0.929198 0.547039 0.047786 0.028111
8 0.948926 0.731072 0.049540 0.030360
8 0.599079 0.553036 0.047786 0.031859
8 0.398071 0.555472 0.049978 0.028486
8 0.599518 0.734820 0.046909 0.027361
8 0.387769 0.735757 0.050416 0.026987
8 0.033757 0.738193 0.049101 0.030360
8 0.059842 0.554348 0.047786 0.029235
10 0.455940 0.114130 0.102587 0.053598
10 0.577817 0.114880 0.101710 0.048351
10 0.448488 0.255622 0.106094 0.052474
10 0.577159 0.251687 0.104779 0.054348
10 0.441035 0.405922 0.119246 0.059970
10 0.578036 0.405172 0.113547 0.056972
10 0.436212 0.567466 0.113985 0.063718
10 0.577598 0.568966 0.118808 0.063718
10 0.911442 0.118066 0.090311 0.072714
10 0.921964 0.249250 0.105217 0.056222
10 0.936651 0.395615 0.105655 0.064843
10 0.947611 0.561469 0.096887 0.071214
10 0.425910 0.750937 0.123192 0.070090
10 0.572556 0.748501 0.115739 0.065217
10 0.572994 0.945465 0.126260 0.073088
10 0.414950 0.947901 0.134590 0.071964
