8 0.350875 0.393500 0.053250 0.049000
8 0.599500 0.397333 0.055000 0.054000
8 0.605625 0.136000 0.054250 0.052000
8 0.358625 0.140500 0.052750 0.051000
8 0.841375 0.134167 0.054250 0.047000
8 0.845000 0.401167 0.059500 0.051667
8 0.851375 0.498333 0.060750 0.054667
8 0.600250 0.492833 0.057500 0.051667
8 0.349250 0.484833 0.056500 0.050333
8 0.111750 0.477833 0.050500 0.056333
8 0.118375 0.391000 0.052250 0.055333
8 0.140750 0.137667 0.051000 0.044000
10 0.258375 0.203333 0.137250 0.092667
10 0.715500 0.203000 0.152500 0.098000
10 0.717125 0.457167 0.146250 0.105667
10 0.244750 0.449167 0.134500 0.107667
