8 0.623833 0.338000 0.055000 0.027000
8 0.625333 0.192625 0.046667 0.027750
8 0.624833 0.053750 0.047667 0.027000
8 0.395667 0.054750 0.060000 0.025000
8 0.387167 0.190500 0.052333 0.028000
8 0.380833 0.338000 0.061000 0.033000
8 0.375167 0.491625 0.061000 0.032750
8 0.371500 0.544500 0.061000 0.031500
8 0.625167 0.494000 0.065667 0.033500
8 0.622833 0.546125 0.063000 0.030750
8 0.872833 0.493750 0.063667 0.031500
8 0.886667 0.550875 0.072667 0.031250
8 0.863333 0.333750 0.067333 0.028500
8 0.859500 0.188750 0.063667 0.028500
8 0.854833 0.048375 0.056333 0.026250
8 0.167167 0.052625 0.052333 0.026250
8 0.150000 0.185875 0.048667 0.028750
8 0.136667 0.333750 0.062000 0.033000
8 0.120333 0.488750 0.060000 0.031500
8 0.112333 0.539750 0.064667 0.033500
