8 0.538434 0.489688 0.034808 0.028873
8 0.519217 0.133364 0.031907 0.029331
8 0.623278 0.136572 0.026831 0.021998
8 0.292059 0.131072 0.030819 0.027498
8 0.176033 0.134968 0.029369 0.022456
8 0.065265 0.304995 0.035533 0.055454
8 0.183648 0.297892 0.030094 0.030247
8 0.271936 0.300642 0.023930 0.018332
8 0.407360 0.299496 0.027919 0.023373
8 0.666062 0.301558 0.026831 0.020165
8 0.674039 0.486709 0.024656 0.021082
8 0.201777 0.648029 0.031545 0.026581
8 0.647752 0.663382 0.032270 0.028873
8 0.529369 0.832722 0.033358 0.054995
8 0.187455 0.832722 0.033358 0.054995
8 0.040609 0.815078 0.028281 0.025206
8 0.182197 0.956920 0.034445 0.021998
8 0.479877 0.955775 0.033720 0.022456
8 0.695069 0.958753 0.029007 0.018332
