4 0.13566666666666666 0.11015325670498084 0.22066666666666668 0.16666666666666666
4 0.6665 0.10555555555555556 0.2816666666666667 0.1674329501915709
1 0.6316666666666667 0.39176245210727967 0.094 0.1482758620689655
1 0.37783333333333335 0.39003831417624524 0.091 0.1471264367816092
1 0.14083333333333334 0.3896551724137931 0.095 0.15019157088122606
0 0.14066666666666666 0.6505747126436782 0.1 0.15095785440613027
0 0.37816666666666665 0.6482758620689655 0.09633333333333334 0.1486590038314176
0 0.636 0.6484674329501916 0.096 0.14904214559386972
0 0.897 0.6448275862068965 0.10666666666666667 0.15019157088122606
0 0.9008333333333334 0.9101532567049808 0.101 0.1360153256704981
0 0.6411666666666667 0.9153256704980843 0.10033333333333333 0.14636015325670498
0 0.37933333333333336 0.9126436781609195 0.09533333333333334 0.14406130268199233
0 0.135 0.9157088122605364 0.1 0.14406130268199233
0 0.8876666666666667 0.3842911877394636 0.09866666666666667 0.1417624521072797
4 0.906 0.10383141762452107 0.18133333333333335 0.17088122605363984
4 0.36683333333333334 0.10919540229885058 0.23033333333333333 0.1685823754789272