5 0.930125 0.36315557514323493 0.04825 0.3199647421771706
5 0.84425 0.3611723226090789 0.046 0.31776112825033054
5 0.757125 0.3653591890700749 0.04625 0.3146760687527545
5 0.6715 0.3627148523578669 0.0455 0.31555751432349055
5 0.58475 0.3642573821066549 0.047 0.3133539003966505
5 0.4985 0.3657999118554429 0.049 0.31820185103569854
5 0.410875 0.3664609960334949 0.05275 0.3195240193918026
5 0.321625 0.36778316438959896 0.05375 0.3204054649625386
5 0.231125 0.36734244160423096 0.05225 0.3248126928162186
5 0.139625 0.36976641692375495 0.05325 0.32172763331864257
5 0.0475 0.3644777434993389 0.051 0.3243719700308506