2 0.872125 0.4746957078795644 0.07475 0.1832158872517617
2 0.630375 0.4923126201153107 0.07175 0.17873158231902628
2 0.396625 0.4980781550288277 0.07175 0.18129404228058937
2 0.151125 0.49615631005765537 0.07625 0.18385650224215247
3 0.073875 0.175208199871877 0.05275 0.11210762331838565
3 0.328875 0.17136450992953234 0.05175 0.108263933376041
3 0.577375 0.16848174247277387 0.04975 0.10634208840486867
3 0.833125 0.15759128763613067 0.05375 0.11402946828955797
3 0.88875 0.15406790518898142 0.06 0.11467008327994875
3 0.947625 0.15342729019859064 0.05525 0.1057014734144779
3 0.634875 0.16527866752082 0.06375 0.10634208840486867
3 0.693 0.16591928251121077 0.054 0.11146700832799487
3 0.386125 0.17360666239590006 0.06375 0.10634208840486867
3 0.445375 0.17616912235746315 0.05325 0.10762331838565023
3 0.135125 0.17616912235746315 0.06175 0.10762331838565023
3 0.190625 0.17680973734785393 0.05325 0.10634208840486867