1 0.4638333333333333 0.044125 0.08766666666666667 0.08025
1 0.5895 0.04425 0.09233333333333334 0.0815
1 0.5891666666666666 0.15525 0.09366666666666666 0.086
1 0.4605 0.15525 0.09233333333333334 0.0865
1 0.5893333333333334 0.27225 0.09666666666666666 0.0905
1 0.458 0.271875 0.09333333333333334 0.09275
1 0.5908333333333333 0.397125 0.097 0.09725
1 0.45466666666666666 0.39775 0.09733333333333333 0.0965
4 0.5946666666666667 0.60825 0.10733333333333334 0.258
4 0.44566666666666666 0.6075 0.114 0.2565
4 0.15983333333333333 0.6 0.161 0.268
1 0.2075 0.272375 0.10966666666666666 0.09275
1 0.191 0.3955 0.12133333333333333 0.0965
1 0.21283333333333335 0.14975 0.115 0.095
1 0.054 0.266 0.094 0.097