8 0.463295 0.155640 0.043555 0.044741
8 0.525290 0.158734 0.043906 0.045217
8 0.853530 0.153736 0.044960 0.039981
8 0.916403 0.154212 0.047067 0.039029
8 0.856340 0.379581 0.047770 0.049024
8 0.917808 0.377915 0.045662 0.046644
8 0.527222 0.380533 0.043555 0.045217
8 0.464524 0.380295 0.043906 0.047596
8 0.463997 0.606140 0.042852 0.041409
8 0.527397 0.604950 0.043906 0.040933
8 0.856340 0.603284 0.044257 0.044265
8 0.860731 0.822941 0.046013 0.048548
8 0.527749 0.821276 0.042501 0.042361
8 0.463997 0.821990 0.042150 0.044741
8 0.137338 0.381247 0.044257 0.045693
8 0.134528 0.156116 0.040745 0.044741
8 0.072884 0.155402 0.046013 0.041409
8 0.069898 0.377915 0.044960 0.046644
10 0.441342 0.169681 0.083246 0.072822
10 0.545311 0.167777 0.083948 0.076630
10 0.827889 0.166349 0.092729 0.071871
10 0.929048 0.167063 0.083597 0.070443
10 0.829294 0.381247 0.095539 0.072347
10 0.164384 0.166111 0.087812 0.069491
10 0.064805 0.167301 0.076923 0.072822
10 0.163330 0.387435 0.091324 0.077106
10 0.443098 0.387197 0.090973 0.078534
10 0.548648 0.387911 0.086407 0.078058
10 0.932736 0.382675 0.081841 0.073298
8 0.135230 0.601856 0.046365 0.041409
8 0.131542 0.816516 0.047418 0.043313
