4 0.8166666666666667 0.567875 0.12933333333333333 0.28325
4 0.657 0.5675 0.12333333333333334 0.2825
4 0.3408333333333333 0.566 0.15966666666666668 0.279
4 0.15433333333333332 0.56525 0.172 0.282
1 0.35633333333333334 0.335625 0.13066666666666665 0.10675
1 0.1815 0.334875 0.143 0.10875
1 0.19016666666666668 0.195625 0.14033333333333334 0.10325
1 0.3611666666666667 0.195375 0.13366666666666666 0.10425
1 0.36616666666666664 0.063125 0.129 0.09925
1 0.20183333333333334 0.06225 0.12966666666666668 0.0985
1 0.6455 0.0615 0.10766666666666666 0.0975
1 0.791 0.059875 0.11 0.09925
1 0.795 0.194 0.11266666666666666 0.104
1 0.6471666666666667 0.195625 0.109 0.10325
1 0.6485 0.335875 0.11166666666666666 0.10925
1 0.8021666666666667 0.335375 0.11433333333333333 0.10725