1 0.482094897045658 0.07436548223350253 0.1647269471799463 0.07766497461928934
1 0.709265890778872 0.07411167512690356 0.16427931960608774 0.07969543147208122
1 0.714189794091316 0.22360406091370558 0.16696508504923904 0.08121827411167512
1 0.48231871083258726 0.22309644670050763 0.16696508504923904 0.08223350253807106
1 0.7244852282900627 0.3780456852791878 0.17233661593554164 0.0865482233502538
1 0.48500447627573856 0.3767766497461929 0.17054610564010744 0.08604060913705584
1 0.7318710832587287 0.5390862944162437 0.17905102954341987 0.0883248730964467
1 0.4879140555058192 0.5384517766497462 0.17994628469113697 0.08807106598984772
1 0.49082363473589974 0.7065989847715736 0.17949865711727842 0.09390862944162437
1 0.7412712623097583 0.7057106598984771 0.18173679498657117 0.09365482233502538
1 0.7488809310653536 0.882741116751269 0.18173679498657117 0.09796954314720813
1 0.4937332139659803 0.8823604060913706 0.18442256042972247 0.09771573604060914