5 0.6775 0.098125 0.041 0.07925
5 0.5781666666666667 0.093375 0.042333333333333334 0.08025
5 0.45216666666666666 0.092 0.08766666666666667 0.0845
5 0.32716666666666666 0.079125 0.043 0.07925
5 0.22366666666666668 0.074 0.03933333333333333 0.0805
5 0.2185 0.224125 0.041666666666666664 0.08175
5 0.3225 0.23 0.04633333333333333 0.083
5 0.44916666666666666 0.2395 0.087 0.0845
5 0.5773333333333334 0.24 0.04133333333333333 0.082
5 0.6785 0.24525 0.043666666666666666 0.081
5 0.6783333333333333 0.395 0.042 0.084
5 0.5763333333333334 0.39175 0.042666666666666665 0.0835
5 0.44583333333333336 0.39075 0.08766666666666667 0.085
5 0.319 0.383625 0.04533333333333334 0.08575
5 0.31416666666666665 0.54025 0.043 0.0865
5 0.5743333333333334 0.551125 0.042666666666666665 0.09425
5 0.309 0.70975 0.04666666666666667 0.09
5 0.19833333333333333 0.708 0.043333333333333335 0.092
3 0.3075 0.84425 0.04833333333333333 0.0255
3 0.194 0.84375 0.048666666666666664 0.026