0 0.7581151832460733 0.7803196490128487 0.09982547993019197 0.17047947351927295
0 0.6471204188481675 0.7793795048574115 0.0949389179755672 0.16671889689752428
0 0.34642233856893545 0.7826700094014416 0.09040139616055846 0.16703227828267
0 0.23595113438045376 0.7829833907865873 0.09284467713787085 0.16640551551237856
0 0.24572425828970332 0.5861798809150737 0.08656195462478185 0.15324349733625822
0 0.3506108202443281 0.5866499529927922 0.0862129144851658 0.15230335318082106
0 0.6361256544502618 0.5860231902225008 0.0862129144851658 0.15543716703227828
0 0.7424083769633508 0.5828893763710435 0.09214659685863874 0.15230335318082106
3 0.9649214659685864 0.7361328737073017 0.04363001745200698 0.04826073331244124
3 0.8462478184991274 0.7362895643998747 0.04363001745200698 0.04857411469758696
3 0.9446771378708552 0.5423064869946725 0.040837696335078534 0.04418677530554685
3 0.8300174520069808 0.5441867753055468 0.039790575916230364 0.04418677530554685
3 0.5521815008726003 0.7372297085553118 0.03769633507853403 0.04669382638671263
3 0.4394415357766143 0.7378564713256033 0.03909249563699826 0.04732058915700407
3 0.5479930191972077 0.5476339705421498 0.0356020942408377 0.04418677530554685
3 0.4387434554973822 0.5481040426198683 0.03769633507853403 0.04324663115010968
3 0.1486910994764398 0.7408335944844876 0.041884816753926704 0.04700720777185835
3 0.03228621291448516 0.7430272641805077 0.04153577661431065 0.04575368223127546
3 0.1586387434554974 0.5501410216233156 0.04013961605584642 0.04544030084612974
3 0.047818499127399654 0.5504544030084613 0.03769633507853403 0.04606706361642118
3 0.05986038394415358 0.36979003447195236 0.03804537521815009 0.04261986837981824
3 0.16823734729493892 0.36931996239423376 0.034904013961605584 0.04293324976496396
3 0.07190226876090751 0.20009401441554373 0.0356020942408377 0.03979943591350674
3 0.17486910994764399 0.1993105609526794 0.034904013961605584 0.040739580068943904
3 0.08272251308900523 0.042463177687245376 0.034904013961605584 0.03917267314321529
3 0.1844677137870855 0.041052961454089626 0.03455497382198953 0.03760576621748668
3 0.4389179755671902 0.03729238483234096 0.03315881326352531 0.036979003447195236
3 0.537521815008726 0.03588216859918521 0.033507853403141365 0.03666562206204951
3 0.5411867364746946 0.19554998433093074 0.033856893542757414 0.040739580068943904
3 0.4387434554973822 0.19743027264180507 0.03420593368237347 0.040739580068943904
3 0.43926701570680626 0.36853650893136947 0.03455497382198953 0.04261986837981824
3 0.5445026178010471 0.3674396740833594 0.0356020942408377 0.043560012535255405
3 0.8179755671902269 0.36258226261360077 0.037347294938917974 0.04324663115010968
3 0.9268760907504363 0.360075211532435 0.03804537521815009 0.04261986837981824
3 0.9116928446771378 0.18912566593544344 0.03630017452006981 0.03917267314321529
3 0.806108202443281 0.1908492635537449 0.03664921465968586 0.040739580068943904
3 0.8961605584642234 0.02961454089627076 0.037347294938917974 0.03729238483234096
3 0.7944153577661431 0.03212159197743654 0.034904013961605584 0.0379191476026324