3 0.08634686346863468 0.7629272567922875 0.047232472324723246 0.08676599474145487
4 0.19686346863468634 0.7554776511831727 0.0985239852398524 0.09728308501314636
4 0.5488929889298892 0.7504382120946538 0.08597785977859779 0.08895705521472393
4 0.8577490774907749 0.7425503943908852 0.0940959409594096 0.09246275197195443
0 0.8544280442804428 0.5738387379491674 0.08745387453874538 0.08632778264680105
0 0.8477859778597786 0.4119193689745837 0.08671586715867159 0.08851884312007012
0 0.19114391143911438 0.41432953549517965 0.11439114391143912 0.10385626643295355
3 0.08339483394833948 0.5904907975460123 0.04649446494464945 0.08545135845749342
3 0.08044280442804429 0.42309377738825593 0.045756457564575644 0.08983347940403155
3 0.07564575645756458 0.2532865907099036 0.045018450184501846 0.08851884312007012
3 0.07380073800738007 0.08654688869412795 0.04797047970479705 0.08895705521472393
3 0.6350553505535055 0.09312007011393514 0.043542435424354244 0.08282208588957055
3 0.7372693726937269 0.09377738825591586 0.03985239852398524 0.08413672217353199
3 0.742619926199262 0.25591586327782645 0.04317343173431734 0.08676599474145487
3 0.6387453874538745 0.25547765118317267 0.04206642066420664 0.08326029798422437
3 0.6429889298892989 0.4200262927256792 0.043911439114391146 0.08983347940403155
3 0.7464944649446494 0.41958808063102543 0.04206642066420664 0.09070990359333918
3 0.7492619926199262 0.5828220858895705 0.03948339483394834 0.08588957055214724
3 0.6487084870848708 0.5828220858895705 0.043542435424354244 0.08588957055214724
3 0.6518450184501845 0.7517528483786152 0.044649446494464944 0.08282208588957055
3 0.7549815498154981 0.7436459246275198 0.043542435424354244 0.08939526730937773
3 0.2802583025830258 0.7559158632778264 0.02988929889298893 0.056091148115687994
3 0.27638376383763835 0.5854513584574934 0.02952029520295203 0.05433829973707274
3 0.46180811808118083 0.5826029798422436 0.024723247232472326 0.05214723926380368
3 0.4581180811808118 0.4160823838737949 0.027675276752767528 0.053023663453111304
3 0.2726937269372694 0.41783523225241015 0.03025830258302583 0.053023663453111304
3 0.26678966789667896 0.25043821209465383 0.028044280442804426 0.05214723926380368
3 0.45424354243542436 0.24890446976336547 0.025830258302583026 0.05083260297984225
3 0.44981549815498156 0.08873794916739702 0.028782287822878228 0.05565293602103418
3 0.2640221402214022 0.08654688869412795 0.02841328413284133 0.05390008764241893
3 0.9391143911439115 0.7394829097283085 0.02952029520295203 0.05652936021034181
3 0.9348708487084871 0.5740578439964943 0.03136531365313653 0.051709027169149865
3 0.9291512915129151 0.41345311130587203 0.026568265682656828 0.053023663453111304
3 0.9254612546125461 0.2491235758106924 0.03099630996309963 0.05127081507449606
3 0.9188191881918819 0.08961437335670465 0.025830258302583026 0.054776511831726556
3 0.4664206642066421 0.75 0.028782287822878228 0.054776511831726556
1 0.19206642066420665 0.584136722173532 0.0918819188191882 0.09202453987730061
1 0.18450184501845018 0.24846625766871167 0.0929889298892989 0.09377738825591586
1 0.18118081180811807 0.08085013146362839 0.09667896678966789 0.09333917616126206
1 0.5295202952029521 0.0843558282208589 0.0907749077490775 0.0880806310254163
1 0.5345018450184502 0.24978089395267308 0.09114391143911439 0.09114811568799298
1 0.5383763837638377 0.41498685363716037 0.08929889298892989 0.09027169149868536
1 0.5450184501845018 0.5804119193689746 0.09003690036900369 0.09246275197195443
1 0.8431734317343174 0.2506573181419807 0.08708487084870849 0.09114811568799298
1 0.8378228782287823 0.08698510078878177 0.08745387453874538 0.09070990359333918