1 0.7914466737064414 0.28264331210191085 0.07567757831749385 0.2070063694267516
1 0.5702217529039071 0.2906050955414013 0.07462161210841253 0.2054140127388535
1 0.3078141499472017 0.2929936305732484 0.07497360084477296 0.20382165605095542
1 0.32294966561070043 0.7360668789808917 0.10594860964449138 0.20461783439490447
1 0.7946145723336854 0.7368630573248408 0.10806054206265399 0.2014331210191083
1 0.6325237592397043 0.7352707006369427 0.10278071101724745 0.19347133757961785
1 0.16156282998944033 0.7380573248407644 0.09996480112636395 0.20222929936305734
1 0.10418866596268919 0.2929936305732484 0.07602956705385427 0.2085987261146497
1 0.1795142555438226 0.2910031847133758 0.0703977472720873 0.20780254777070065
1 0.38384371700105596 0.29259554140127386 0.07426962337205209 0.20302547770700638
1 0.6464273143259416 0.2906050955414013 0.07567757831749385 0.2054140127388535
1 0.8685322069693769 0.2818471337579618 0.07708553326293559 0.2054140127388535