4 0.054366586123576116 0.2486962190352021 0.07904729030031067 0.10104302477183832
4 0.16448049706593026 0.2561929595827901 0.0762858129099068 0.1016949152542373
4 0.2744218156713842 0.2620599739243807 0.07663099758370728 0.09908735332464146
4 0.3822920262340352 0.26434159061277707 0.07766655160510873 0.09973924380704041
4 0.4920607525025889 0.27183833116036504 0.07559544356230584 0.09778357235984354
4 0.5995857783914395 0.2754237288135593 0.07663099758370728 0.09582790091264667
4 0.7065930272695893 0.2793350717079531 0.07663099758370728 0.0984354628422425
4 0.8146358301691405 0.2816166883963494 0.07594062823610631 0.09908735332464146
4 0.9216430790472903 0.2845501955671447 0.07594062823610631 0.0984354628422425
1 0.9005868139454608 0.4651238591916558 0.03451846738004832 0.09713168187744459
1 0.9373489817052123 0.4661016949152542 0.037625129444252677 0.09778357235984354
1 0.7961684501208146 0.461864406779661 0.035554021401449774 0.09582790091264667
1 0.8327580255436658 0.46316818774445895 0.03693476009665171 0.09713168187744459
1 0.8993786675871591 0.6447196870925684 0.03486365205384881 0.09647979139504563
1 0.9363134276838109 0.6456975228161669 0.03831549879185364 0.09713168187744459
1 0.8322402485329652 0.644393741851369 0.03727994477045219 0.09713168187744459
1 0.7954780807732137 0.6427640156453716 0.035554021401449774 0.09778357235984354
1 0.7939247497411115 0.8213820078226858 0.03589920607525026 0.09517601043024772
1 0.8308595098377632 0.8223598435462842 0.036589575422851225 0.09582790091264667
1 0.898515705902658 0.8243155149934811 0.03451846738004832 0.09582790091264667
1 0.9354504659993096 0.8259452411994785 0.037970314118053156 0.09778357235984354
1 0.6829478771142561 0.8191003911342895 0.034173282706247844 0.09713168187744459
1 0.7195374525371073 0.8204041720990873 0.037625129444252677 0.09713168187744459
1 0.5785295132896099 0.8168187744458931 0.036589575422851225 0.09647979139504563
1 0.6156368657231619 0.8177966101694916 0.03693476009665171 0.09713168187744459
1 0.5797376596479117 0.6359191655801826 0.035554021401449774 0.09582790091264667
1 0.6168450120814636 0.6372229465449805 0.037970314118053156 0.0984354628422425
1 0.6845012081463583 0.6395045632333768 0.035208836727649295 0.09778357235984354
1 0.7204004142216086 0.6395045632333768 0.036589575422851225 0.09647979139504563
1 0.46945115636865725 0.6326597131681877 0.03589920607525026 0.09713168187744459
1 0.5060407317915084 0.6329856584093873 0.03727994477045219 0.09908735332464146
1 0.3631342768381084 0.6271186440677966 0.03451846738004832 0.09647979139504563
1 0.4004142216085606 0.6290743155149935 0.037970314118053156 0.09647979139504563
1 0.4677252329996548 0.8129074315514994 0.035208836727649295 0.09908735332464146
1 0.5044874007594062 0.8142112125162972 0.03693476009665171 0.09908735332464146
1 0.36209872281670696 0.8083441981747066 0.03451846738004832 0.09647979139504563
1 0.39903348291335866 0.8102998696219035 0.03727994477045219 0.09778357235984354
1 0.2507766655160511 0.8041069100391134 0.03624439074905074 0.09713168187744459
1 0.2882292026234035 0.8063885267275098 0.03589920607525026 0.09778357235984354
1 0.2525025888850535 0.622555410691004 0.037625129444252677 0.09778357235984354
1 0.2897825336555057 0.6238591916558018 0.03624439074905074 0.09778357235984354
1 0.14273386261649984 0.8005215123859192 0.03624439074905074 0.09778357235984354
1 0.18018639972385225 0.8018252933507171 0.037970314118053156 0.09908735332464146
1 0.029513289609941318 0.7949804432855281 0.03624439074905074 0.09713168187744459
1 0.06679323438039352 0.7972620599739244 0.03900586813945461 0.09908735332464146
1 0.14463237832240247 0.6186440677966102 0.036589575422851225 0.09778357235984354
1 0.1820849154297549 0.6199478487614081 0.037625129444252677 0.09908735332464146
1 0.031066620642043494 0.613102998696219 0.03727994477045219 0.0984354628422425
1 0.06869175008629617 0.6157105606258149 0.03727994477045219 0.09973924380704041
1 0.14687607870210562 0.4377444589308996 0.03831549879185364 0.0984354628422425
1 0.18415602347255783 0.438722294654498 0.035554021401449774 0.10039113428943937
1 0.033310321021746636 0.431877444589309 0.03693476009665171 0.09973924380704041
1 0.07041767345529859 0.4335071707953064 0.03727994477045219 0.10039113428943937
1 0.2530203658957542 0.44328552803129073 0.03589920607525026 0.09908735332464146
1 0.2901277183293062 0.4439374185136897 0.03624439074905074 0.09778357235984354
1 0.36503279254401105 0.446870925684485 0.03693476009665171 0.0984354628422425
1 0.4016223679668623 0.44784876140808344 0.03693476009665171 0.09908735332464146
1 0.4701415257162582 0.45078226857887876 0.03451846738004832 0.09713168187744459
1 0.5067311011391095 0.45371577574967403 0.037970314118053156 0.09778357235984354
1 0.581463583016914 0.4559973924380704 0.035554021401449774 0.09713168187744459
1 0.6180531584397653 0.45697522816166886 0.03693476009665171 0.09908735332464146
1 0.6860545391784605 0.4599087353324641 0.03486365205384881 0.0984354628422425
1 0.7222989299275112 0.46088657105606257 0.03693476009665171 0.09908735332464146