4 0.8335 0.5722846441947566 0.18633333333333332 0.26741573033707866
4 0.5941666666666666 0.5810861423220974 0.18433333333333332 0.2745318352059925
4 0.3606666666666667 0.5764044943820225 0.18266666666666667 0.25767790262172285
4 0.1315 0.5775280898876405 0.18033333333333335 0.25767790262172285
3 0.2005 0.09662921348314607 0.04766666666666667 0.056179775280898875
3 0.493 0.08651685393258426 0.04933333333333333 0.058426966292134834
4 0.1815 0.30187265917602996 0.139 0.14756554307116104
4 0.3855 0.29812734082397 0.147 0.14831460674157304
4 0.593 0.2966292134831461 0.15066666666666667 0.1453183520599251
4 0.806 0.28389513108614234 0.15466666666666667 0.1543071161048689
3 0.807 0.07340823970037454 0.052 0.058426966292134834