0 0.19429976851851852 0.5276172125883108 0.06915509259259259 0.07642903018625562
0 0.5604745370370371 0.5268143866409762 0.07581018518518519 0.08253050738599872
0 0.8680555555555556 0.5277777777777778 0.07581018518518519 0.07996146435452794
3 0.7696759259259259 0.5266538214515093 0.05439814814814815 0.07321772639691715
3 0.6640625 0.5256904303147077 0.06018518518518518 0.07707129094412331
3 0.6611689814814815 0.36335902376364804 0.05497685185185185 0.06904303147077713
3 0.7718460648148148 0.3699421965317919 0.054108796296296294 0.0680796403339756
0 0.8686342592592593 0.3670520231213873 0.078125 0.09120102761721259
0 0.5603298611111112 0.3692999357739242 0.07320601851851852 0.08285163776493257
0 0.5597511574074074 0.2132305716120745 0.07436342592592593 0.08413615928066795
0 0.8687789351851852 0.21290944123314065 0.07783564814814815 0.08156711624919717
3 0.6624710648148148 0.048330122029543995 0.054108796296296294 0.07096981374438022
3 0.6621817129629629 0.20937700706486834 0.053530092592592594 0.07450224791265253
3 0.7725694444444444 0.21210661528580604 0.05381944444444445 0.06968529222864484
0 0.1948784722222222 0.3725112395632627 0.07262731481481481 0.08156711624919717
0 0.08492476851851852 0.36448298008991653 0.07146990740740741 0.07193320488118175
0 0.19502314814814814 0.21579961464354527 0.07465277777777778 0.08285163776493257
0 0.08550347222222222 0.21017983301220294 0.06915509259259259 0.06518946692357097
3 0.09259259259259259 0.05218368657675016 0.05439814814814815 0.06904303147077713
4 0.3761574074074074 0.07980089916506101 0.10474537037037036 0.13455362877328195
4 0.3773148148148148 0.23667308927424535 0.1076388888888889 0.13102119460500963
4 0.3761574074074074 0.3943481053307643 0.10706018518518519 0.1355170199100835
4 0.3745659722222222 0.5411046885035324 0.10619212962962964 0.11046885035324341
1 0.19444444444444445 0.05667951188182402 0.07349537037037036 0.08317276814386641
1 0.5620659722222222 0.05619781631342325 0.07436342592592593 0.08606294155427104
3 0.7699652777777778 0.05443159922928709 0.05555555555555555 0.08060372511239564
3 0.2757523148148148 0.5195889531149647 0.027777777777777776 0.028901734104046242
3 0.47583912037037035 0.5178227360308285 0.027488425925925927 0.031791907514450865
3 0.4759837962962963 0.3514771997430957 0.028356481481481483 0.031791907514450865
3 0.27633101851851855 0.355009633911368 0.027199074074074073 0.03050738599871548
3 0.27806712962962965 0.19733461785484907 0.027199074074074073 0.029865125240847785
3 0.47627314814814814 0.19845857418111754 0.027199074074074073 0.029543994861913937
3 0.2782118055555556 0.038696210661528584 0.027488425925925927 0.03243416827231856
3 0.4769965277777778 0.040783558124598586 0.026909722222222224 0.028901734104046242
3 0.953125 0.35613359023763647 0.02662037037037037 0.03211303789338472
3 0.9519675925925926 0.5208734746307001 0.02546296296296296 0.03147077713551702
3 0.9557291666666666 0.19524727039177905 0.029513888888888888 0.03275529865125241
3 0.02199074074074074 0.2758509955041747 0.02546296296296296 0.057161207450224794