8 0.662417 0.453602 0.029933 0.033429
8 0.675721 0.635447 0.023282 0.025937
8 0.670177 0.815274 0.030673 0.036311
10 0.915928 0.785303 0.131190 0.060519
10 0.257206 0.193660 0.218034 0.062248
10 0.559128 0.572622 0.131559 0.058213
10 0.564671 0.209798 0.130081 0.068012
10 0.924797 0.250432 0.133407 0.052450
10 0.927938 0.080115 0.133038 0.065706
8 0.295824 0.802305 0.027716 0.029971
8 0.050628 0.795965 0.031042 0.027666
8 0.059682 0.609798 0.032890 0.033429
8 0.048411 0.438905 0.025129 0.028242
8 0.060976 0.072334 0.025129 0.028242
8 0.045270 0.974352 0.031412 0.035159
8 0.768477 0.228530 0.026238 0.032853
8 0.762195 0.608646 0.026238 0.029971
8 0.762565 0.780980 0.027716 0.031124
10 0.918514 0.608357 0.132668 0.051297
10 0.183666 0.557925 0.124169 0.057637
10 0.179231 0.923919 0.124908 0.059942
