1 0.8126666666666666 0.04225 0.08 0.0715
1 0.811 0.197 0.07933333333333334 0.0725
0 0.8095 0.34725 0.07833333333333334 0.0735
1 0.6343333333333333 0.350875 0.14933333333333335 0.07925
1 0.638 0.20075 0.13933333333333334 0.0755
1 0.6391666666666667 0.050625 0.13966666666666666 0.07375
1 0.4633333333333333 0.055 0.13466666666666666 0.0765
1 0.4638333333333333 0.2055 0.13566666666666666 0.077
1 0.264 0.208 0.13133333333333333 0.075
1 0.266 0.061125 0.13066666666666665 0.07025
1 0.09816666666666667 0.065375 0.12833333333333333 0.07175
1 0.09883333333333333 0.210375 0.127 0.07275
1 0.09883333333333333 0.357625 0.12766666666666668 0.07025
1 0.2643333333333333 0.35425 0.12866666666666668 0.0675
1 0.46266666666666667 0.35425 0.13666666666666666 0.075