4 0.2695266272189349 0.2428379588182632 0.11301775147928994 0.13652641002685764
4 0.7553254437869823 0.24328558639212175 0.12603550295857988 0.12936436884512087
4 0.4408284023668639 0.24350940017905104 0.13313609467455623 0.13160250671441362
4 0.4346153846153846 0.554610564010743 0.12603550295857988 0.20501342882721577
4 0.08165680473372781 0.5579677708146822 0.1136094674556213 0.2135183527305282
4 0.5835798816568047 0.5575201432408237 0.12396449704142012 0.20904207699194272
4 0.7505917159763313 0.5581915846016114 0.11834319526627218 0.21038495971351837
4 0.0886094674556213 0.232094897045658 0.10680473372781064 0.13294538943598927
4 0.2664201183431953 0.5611011638316921 0.11035502958579882 0.20188003581020592
4 0.5755917159763314 0.24686660698299015 0.13165680473372782 0.13115487914055507
4 0.8869822485207101 0.24418084153983885 0.13254437869822486 0.13025962399283797