0 0.15289699570815452 0.19014084507042253 0.06759656652360516 0.10915492957746478
0 0.3197424892703863 0.18309859154929578 0.06652360515021459 0.10915492957746478
0 0.3159871244635193 0.4084507042253521 0.06974248927038626 0.11971830985915492
0 0.14431330472103004 0.4154929577464789 0.07188841201716738 0.11619718309859155
0 0.1351931330472103 0.6487676056338029 0.07296137339055794 0.13204225352112675
0 0.309549356223176 0.641725352112676 0.07188841201716738 0.12852112676056338
0 0.12392703862660945 0.8829225352112676 0.08690987124463519 0.125
0 0.36105150214592274 0.8802816901408451 0.0890557939914163 0.1267605633802817
0 0.6062231759656652 0.6338028169014085 0.09871244635193133 0.12323943661971831
0 0.8438841201716738 0.625 0.22639484978540772 0.14084507042253522
0 0.8379828326180258 0.38028169014084506 0.22532188841201717 0.13380281690140844
0 0.6351931330472103 0.3987676056338028 0.07296137339055794 0.12147887323943662
0 0.6335836909871244 0.16637323943661972 0.06974248927038626 0.11443661971830986
0 0.8320815450643777 0.14788732394366197 0.22210300429184548 0.14084507042253522
3 0.43776824034334766 0.6205985915492958 0.032188841201716736 0.03345070422535211
3 0.43991416309012876 0.3908450704225352 0.032188841201716736 0.03169014084507042
3 0.528969957081545 0.3855633802816901 0.034334763948497854 0.03169014084507042
3 0.44206008583690987 0.16461267605633803 0.032188841201716736 0.02992957746478873
3 0.5273605150214592 0.15933098591549297 0.03111587982832618 0.02992957746478873