0 0.9177461139896373 0.8733624454148472 0.09455958549222798 0.15138282387190685
0 0.6703367875647669 0.8668122270742358 0.13601036269430053 0.1586608442503639
0 0.4216321243523316 0.8631732168850073 0.08419689119170984 0.1572052401746725
0 0.07642487046632124 0.8595342066957787 0.10103626943005181 0.16448326055312956
0 0.08678756476683938 0.5509461426491994 0.09067357512953368 0.12663755458515283
0 0.40479274611398963 0.5596797671033479 0.11528497409326424 0.12663755458515283
0 0.6483160621761658 0.5669577874818049 0.12046632124352331 0.12663755458515283
0 0.633419689119171 0.3333333333333333 0.10880829015544041 0.11062590975254731
0 0.4106217616580311 0.32532751091703055 0.10621761658031088 0.10625909752547306
0 0.11463730569948187 0.3165938864628821 0.08160621761658031 0.11208151382823872
0 0.13601036269430053 0.11790393013100436 0.07512953367875648 0.09315866084425037
0 0.41321243523316065 0.12809315866084425 0.10362694300518134 0.09606986899563319
0 0.6243523316062176 0.1339155749636099 0.10880829015544041 0.10480349344978165