8 0.582141 0.410894 0.025746 0.026051
8 0.529832 0.400237 0.024928 0.026051
8 0.587454 0.557726 0.029015 0.028419
8 0.539232 0.560391 0.026563 0.024275
8 0.538414 0.706335 0.024928 0.023683
8 0.585615 0.704855 0.025337 0.027827
8 0.723743 0.622262 0.022885 0.027235
8 0.822640 0.710184 0.029424 0.026643
8 0.963629 0.633215 0.032693 0.038484
8 0.962199 0.493191 0.030650 0.036708
8 0.905803 0.261101 0.029015 0.027235
8 0.674295 0.252516 0.027789 0.032564
8 0.333674 0.376850 0.032284 0.040853
8 0.339395 0.552102 0.027380 0.027827
8 0.291582 0.551510 0.028198 0.023091
8 0.340417 0.701599 0.028606 0.028419
8 0.292603 0.699230 0.030241 0.029603
8 0.320392 0.861753 0.026972 0.025459
8 0.567634 0.876554 0.024520 0.026643
8 0.537597 0.895796 0.025746 0.018946
8 0.197180 0.756365 0.027380 0.025459
8 0.284839 0.896388 0.020433 0.026051
8 0.079485 0.543813 0.030650 0.032564
