4 0.8860578299456054 0.17477302204928663 0.16146578872029774 0.23022049286640725
4 0.5397938734612081 0.1825551232166018 0.12396221013455483 0.2133592736705577
4 0.09891210993415402 0.18385214007782102 0.11365588319496135 0.2172503242542153
4 0.3945032922988835 0.185473411154345 0.11966790724305755 0.21660181582360571
4 0.23361007729745203 0.18417639429312582 0.10363584311480104 0.2191958495460441
4 0.7154308617234469 0.5946822308690013 0.13283710277698255 0.27496757457846954
4 0.2290294875465216 0.5959792477302205 0.10249069567706842 0.26718547341115434
4 0.5383624391640424 0.5950064850843061 0.12453478385342112 0.2717250324254215
4 0.39221299742341825 0.6037613488975356 0.12138562839965646 0.28664072632944226
4 0.09433152018322359 0.5937094682230869 0.11594617807042656 0.26394293125810636
4 0.7142857142857143 0.18028534370946822 0.12882908674491841 0.20752269779507135
4 0.8890638419696536 0.5969520103761349 0.16060692814199828 0.26523994811932555