3 0.9667614646285105 0.337707182320442 0.04230359047280483 0.04834254143646409
3 0.9710273729114824 0.5936924493554327 0.04088162104514753 0.0501841620626151
3 0.9591183789548525 0.09023941068139964 0.03981514397440455 0.04511970534069982
0 0.24600071098471382 0.6003683241252302 0.1457518663348738 0.141804788213628
2 0.3961962317810167 0.13443830570902393 0.050124422324920016 0.13075506445672191
0 0.8569143263419836 0.3388581952117864 0.15606114468538926 0.13535911602209943
3 0.38144329896907214 0.6012891344383057 0.067543547813722 0.06629834254143646
0 0.7218272307145397 0.619475138121547 0.07074297902595095 0.11648250460405156
1 0.26270885175968717 0.37062615101289137 0.13295414148595805 0.11694290976058933
3 0.14681834340561678 0.3411602209944751 0.03697120511908994 0.04696132596685083
0 0.721116246000711 0.3614180478821363 0.06861002488446498 0.1141804788213628
3 0.15375044436544613 0.09944751381215469 0.038037682189832916 0.04511970534069982
1 0.2692854603626022 0.13075506445672191 0.12975471027372912 0.11694290976058933
0 0.727692854603626 0.12223756906077347 0.07891930323498045 0.10451197053406998
0 0.853003910415926 0.5916206261510129 0.1702808389619623 0.14825046040515655
0 0.7244934233913971 0.8809852670349908 0.07109847138286526 0.12292817679558012
0 0.23764664059722715 0.8614180478821363 0.1581940988268752 0.16022099447513813
0 0.8578030572342694 0.8720073664825047 0.14504088162104514 0.1464088397790055
1 0.3919303234980448 0.3740791896869245 0.05367934589406328 0.1220073664825046
0 0.3730892285815855 0.8789134438305709 0.06932100959829364 0.11970534069981584
3 0.1375755421258443 0.5943830570902394 0.0405261286882332 0.04880294659300184
3 0.12868823320298614 0.8503683241252302 0.03483825097760398 0.04788213627992634
3 0.977070742979026 0.850828729281768 0.03874866690366157 0.04696132596685083
0 0.8521151795236402 0.10359116022099447 0.14788482047635976 0.14732965009208104