1 0.8433591423466349 0.8712871287128713 0.1262656343061346 0.10734757686294945
1 0.5991661703394878 0.8715476810838979 0.12745681953543775 0.10786868160500261
1 0.37224538415723646 0.501823866597186 0.1072066706372841 0.10630536737884315
1 0.598868374032162 0.6860343929129755 0.1232876712328767 0.10578426263679
1 0.840381179273377 0.6860343929129755 0.12745681953543775 0.10891089108910891
1 0.36926742108397853 0.3223032829598749 0.12030970815961882 0.10161542470036478
1 0.8382966051220965 0.13600833767587284 0.11971411554496725 0.12089630015633142
1 0.8400833829660512 0.5039082855653987 0.12209648600357356 0.10317873892652424
1 0.8400833829660512 0.3230849400729547 0.1232876712328767 0.10422094841063054
1 0.6021441334127456 0.3236060448150078 0.12388326384752829 0.10422094841063054
1 0.13400833829660513 0.3225638353309015 0.12507444907683143 0.10213652944241793
1 0.3695652173913043 0.1464304325169359 0.1232876712328767 0.10213652944241793
1 0.6021441334127456 0.14564877540385618 0.12269207861822513 0.10265763418447107
1 0.13847528290649197 0.14486711829077645 0.12447885646217986 0.10422094841063054
1 0.6006551518761167 0.5033871808233454 0.12567004169148302 0.10526315789473684
1 0.3656938653960691 0.6857738405419489 0.11673615247170935 0.11151641479937467
1 0.1375818939845146 0.5070349140177176 0.11554496724240619 0.1146430432516936