1 0.07831078310783107 0.8827160493827161 0.11152111521115211 0.10981156595191682
1 0.22570725707257072 0.8843404808317089 0.11275112751127511 0.10916179337231968
3 0.9220992209922099 0.12183235867446393 0.03936039360393604 0.0903183885640026
1 0.3761787617876179 0.8914879792072774 0.10947109471094711 0.11306042884990253
1 0.5215252152521526 0.6364522417153996 0.1066010660106601 0.1046133853151397
1 0.923329233292333 0.12183235867446393 0.041820418204182044 0.0903183885640026
3 0.9278392783927839 0.30409356725146197 0.04018040180401804 0.09226770630279402
1 0.3808938089380894 0.633203378817414 0.1090610906109061 0.10721247563352826
3 0.9395243952439525 0.6702404158544509 0.03567035670356704 0.09291747888239116
1 0.522550225502255 0.8918128654970761 0.10947109471094711 0.10981156595191682
3 0.9415744157441575 0.9126055880441846 0.03977039770397704 0.10201429499675113
3 0.9309143091430915 0.4821312540610786 0.04141041410414104 0.09486679662118258
1 0.7995079950799509 0.26900584795321636 0.1016810168101681 0.10396361273554255
1 0.8027880278802788 0.45451591942820013 0.1057810578105781 0.10721247563352826
1 0.5211152111521116 0.449317738791423 0.10824108241082411 0.10721247563352826
1 0.23657236572365722 0.06757634827810266 0.1090610906109061 0.10656270305393112
1 0.6644116441164412 0.6390513320337882 0.10865108651086511 0.10981156595191682
1 0.7988929889298892 0.8957115009746589 0.0897908979089791 0.10851202079272254
1 0.5213202132021321 0.26250812215724495 0.1078310783107831 0.10526315789473684
1 0.7956129561295613 0.08706952566601689 0.10537105371053711 0.10396361273554255
1 0.3798687986879869 0.4444444444444444 0.10947109471094711 0.1078622482131254
1 0.5209102091020911 0.07862248213125406 0.10865108651086511 0.10656270305393112
1 0.3806888068880689 0.07472384665367121 0.10865108651086511 0.10656270305393112
1 0.08364083640836409 0.6247563352826511 0.11398113981139811 0.1111111111111111
1 0.6611316113161132 0.45191682910981157 0.1111111111111111 0.10721247563352826
1 0.08651086510865108 0.4363222871994802 0.11398113981139811 0.10851202079272254
1 0.6594915949159491 0.08187134502923976 0.1070110701107011 0.10656270305393112
1 0.23288232882328824 0.4392462638076673 0.1098810988109881 0.1078622482131254
1 0.6662566625666256 0.8931124106562703 0.11152111521115211 0.10981156595191682
1 0.09471094710947109 0.06010396361273554 0.1098810988109881 0.10721247563352826
1 0.8046330463304633 0.6416504223521767 0.10947109471094711 0.10981156595191682
1 0.6592865928659286 0.26738141650422353 0.10742107421074211 0.10721247563352826
1 0.3815088150881509 0.25925925925925924 0.1111111111111111 0.1078622482131254
1 0.23042230422304222 0.6276803118908382 0.11234112341123412 0.11046133853151396
1 0.23431734317343172 0.25601039636127354 0.11029110291102912 0.1078622482131254
1 0.08958589585895858 0.25048732943469787 0.11521115211152111 0.10851202079272254