8 0.177547 0.137938 0.035151 0.023973
8 0.137554 0.355594 0.034075 0.021689
8 0.129484 0.583714 0.035151 0.025875
8 0.118364 0.809932 0.028694 0.023212
8 0.290352 0.705670 0.032640 0.024734
8 0.292683 0.564117 0.037303 0.026256
8 0.285868 0.311834 0.027260 0.020167
8 0.559003 0.439307 0.030488 0.023212
8 0.563666 0.573630 0.034792 0.020928
8 0.563307 0.692922 0.034075 0.020548
8 0.511478 0.819064 0.035151 0.021689
8 0.512554 0.956811 0.038737 0.032344
8 0.558286 0.958714 0.039813 0.026256
8 0.703730 0.960807 0.035868 0.027397
8 0.688128 0.805365 0.032640 0.025495
8 0.722023 0.688927 0.038020 0.024734
8 0.723099 0.565449 0.031564 0.022070
8 0.509146 0.064498 0.030488 0.021689
8 0.551650 0.076865 0.026542 0.019787
8 0.625717 0.084285 0.031205 0.026256
8 0.687231 0.189878 0.034433 0.025875
8 0.684541 0.319254 0.034792 0.028158
8 0.694584 0.440830 0.034792 0.026256
8 0.897418 0.838661 0.043042 0.029680
8 0.902080 0.874049 0.043042 0.030441
8 0.900108 0.913623 0.041966 0.030441
