1 0.8411127707244213 0.5715034049240441 0.06011949215832711 0.08905185961236249
1 0.5537714712471994 0.9148768988999476 0.05675877520537715 0.10319539025667888
3 0.6568334578043316 0.07569408067050812 0.03659447348767737 0.06338397066526978
1 0.07692307692307693 0.570193818753274 0.08215085884988797 0.08957569408067051
1 0.2173263629574309 0.5694080670508119 0.08140403286034353 0.08695652173913043
1 0.08177744585511576 0.22315348349921424 0.07841672890216579 0.10895756940806706
1 0.0786034353995519 0.3988999476165532 0.08028379387602688 0.09062336301728653
1 0.9329723674383869 0.9138292299633316 0.06161314413741598 0.10214772132006286
1 0.34858103061986556 0.570979570455736 0.0825242718446602 0.09219486642221059
3 0.49271844660194175 0.07228915662650602 0.036221060492905154 0.06495547407019382
1 0.6794249439880508 0.22996333158721843 0.07879014189693802 0.1037192247249869
1 0.4843166542195668 0.9161864850707176 0.05601194921583271 0.1037192247249869
1 0.34932785660941 0.7380827658459926 0.07879014189693802 0.09114719748559455
1 0.34932785660941 0.9167103195390257 0.08327109783420462 0.10581456259821896
1 0.3454070201643017 0.22420115243583028 0.07766990291262135 0.1037192247249869
1 0.6906273338312173 0.7383446830801467 0.08028379387602688 0.08957569408067051
1 0.07374906646751307 0.7401781037192248 0.0825242718446602 0.0963855421686747
1 0.9269977595220313 0.7388685175484547 0.060866318147871544 0.09062336301728653
1 0.6827856609410008 0.4078051335777894 0.07879014189693802 0.08748035620743845
1 0.9202763256161315 0.573336825563122 0.05937266616878267 0.08643268727082241
1 0.6874533233756535 0.572812991094814 0.07841672890216579 0.09167103195390257
1 0.8362584017923824 0.4106862231534835 0.05937266616878267 0.08695652173913043
1 0.54462285287528 0.40570979570455734 0.05339805825242718 0.09062336301728653
1 0.34951456310679613 0.4017810371922472 0.07916355489171023 0.09533787323205867
1 0.47815533980582525 0.40413829229963333 0.05339805825242718 0.08957569408067051
1 0.8472740851381628 0.7383446830801467 0.060492905153099324 0.09167103195390257
1 0.48020911127707244 0.570193818753274 0.05526512322628827 0.09271870089051859
1 0.905713218820015 0.23101100052383447 0.05862584017923824 0.10057621791513882
1 0.5498506348020911 0.7391304347826086 0.05339805825242718 0.09429020429544265
1 0.5477968633308439 0.5725510738606601 0.05601194921583271 0.09324253535882661
1 0.8293502613890963 0.23336825563122054 0.05825242718446602 0.09900471451021477
1 0.4817027632561613 0.7396542692509167 0.0537714712471994 0.09219486642221059
1 0.8530619865571322 0.9140911471974856 0.062359970126960415 0.10162388685175484
1 0.6943614637789395 0.9138292299633316 0.08103061986557132 0.10214772132006286
3 0.9032860343539956 0.08040859088528025 0.05750560119492158 0.060240963855421686
3 0.8258028379387603 0.07909900471451022 0.05713218820014936 0.061812467260345734
3 0.32580283793876025 0.06652697747511786 0.039955190440627335 0.06390780513357779
3 0.3678117998506348 0.06836039811419592 0.03659447348767737 0.061288632792037716
3 0.5324869305451829 0.071503404924044 0.038834951456310676 0.062336301728653745
3 0.6964152352501867 0.07595599790466212 0.039581777445855115 0.06495547407019382
3 0.19884241971620611 0.0641697223677318 0.037714712471994025 0.062336301728653745
3 0.24010455563853622 0.06390780513357779 0.038834951456310676 0.06390780513357779
3 0.09204630321135175 0.060764798323729705 0.039208364451082896 0.06390780513357779
3 0.13349514563106796 0.05997904662126768 0.039955190440627335 0.06652697747511786
1 0.21788648244958925 0.22315348349921424 0.08028379387602688 0.10790990047145102
1 0.21713965646004482 0.40309062336301726 0.08028379387602688 0.09167103195390257
1 0.21377893950709484 0.7388685175484547 0.08177744585511576 0.09167103195390257
1 0.47423450336071693 0.22734415924567836 0.05302464525765497 0.1037192247249869
1 0.5423823749066468 0.2276060764798324 0.05265123226288275 0.10110005238344683
1 0.9148618371919343 0.40911471974855945 0.05750560119492158 0.08905185961236249