8 0.141164 0.186938 0.044397 0.033128
8 0.353448 0.190724 0.045690 0.030289
8 0.421552 0.189068 0.043103 0.031708
8 0.732112 0.192854 0.042672 0.031708
8 0.801078 0.187648 0.034052 0.023190
8 0.865733 0.192144 0.039224 0.030289
8 0.929526 0.193800 0.040948 0.033602
8 0.858190 0.573355 0.029310 0.031708
8 0.804310 0.572882 0.032759 0.023190
8 0.525862 0.578088 0.035345 0.024136
8 0.583836 0.575722 0.044397 0.034548
8 0.296767 0.577615 0.034052 0.027922
8 0.146336 0.388074 0.049569 0.037861
8 0.443319 0.386181 0.042672 0.035968
8 0.842672 0.383105 0.043966 0.030762
8 0.946121 0.383578 0.040517 0.034548
8 0.696983 0.956697 0.037931 0.029815
8 0.594828 0.964269 0.035345 0.024136
8 0.534052 0.965215 0.038793 0.026976
8 0.377586 0.971841 0.037069 0.027922
8 0.082974 0.945338 0.043534 0.029815
8 0.257543 0.774255 0.034052 0.025556
