1 0.12791114295951272 0.5656345399040559 0.09602293084915801 0.16223288268643699
1 0.12970261554998208 0.1378107283035325 0.09172339663203152 0.15787178368948976
1 0.12809029021855967 0.34954208460532055 0.09709781440343963 0.15045791539467945
4 0.3622357577929058 0.7821631051024859 0.22644213543532785 0.1679023113824684
1 0.12773199570046578 0.7703881378107283 0.09638122536725188 0.14784125599651113
4 0.6246864922966678 0.8068033144352377 0.15155858115370835 0.226777147841256
4 0.3649229666786098 0.5617095508068033 0.2217843067001075 0.1569995638901003
4 0.6232533142242924 0.5614914958569559 0.15155858115370835 0.15743567378979503
4 0.618774632748119 0.35303096380287835 0.14905051952705123 0.14784125599651113
4 0.35919025438910784 0.34779764500654164 0.2189179505553565 0.14958569559529
4 0.8427087065567896 0.34627126035761013 0.14905051952705123 0.15002180549498473
4 0.8434252955929774 0.5571303968600088 0.15048369759942673 0.15743567378979503
4 0.8487997133643855 0.806367204535543 0.15406664278036547 0.22590492804186654
4 0.3629523468290935 0.13650239860444832 0.21712647796488713 0.16136066288704753
4 0.6200286635614475 0.13911905800261665 0.14654245790039414 0.16048844308765808
4 0.8371551415263346 0.1399912778020061 0.14869222500895737 0.15787178368948976