1 0.5913364674278039 0.09467973398669934 0.053727333781061114 0.11585579278963948
3 0.2625923438549362 0.10185509275463774 0.07186030893216924 0.1064053202660133
1 0.25906648757555406 0.31204060203010153 0.07824042981867024 0.11305565278263913
1 0.2625923438549362 0.10010500525026252 0.0745466756212223 0.10570528526426322
1 0.4148757555406313 0.5323766188309416 0.0567494963062458 0.11690584529226461
1 0.4172263263935527 0.311865593279664 0.0567494963062458 0.10920546027301366
2 0.7761920752182673 0.5316765838291915 0.0957018132975151 0.12040602030101505
1 0.24949630624580255 0.5325516275813791 0.08865010073875083 0.11515575778788939
1 0.7694761584956347 0.08680434021701085 0.0849563465413029 0.10780539026951348
1 0.42360644728005376 0.09450472523626181 0.05809267965077233 0.11060553027651382
0 0.5963734049697784 0.31064053202660136 0.0671591672263264 0.103955197759888
1 0.7740094022834116 0.3039901995099755 0.08529214237743452 0.11305565278263913
0 0.4101746138347884 0.7640882044102205 0.059435862995298856 0.12810640532026601
0 0.23807924781732706 0.7616380819040952 0.08596373404969779 0.12180609030451522
0 0.5896574882471457 0.7656632831641582 0.0577568838146407 0.12845642282114106
0 0.7805574210879785 0.7674133706685334 0.090329079919409 0.12495624781239062
2 0.5883143049026192 0.5336016800840042 0.05574210879785091 0.11655582779138957