1 0.42922451743989165 0.631515444015444 0.061293599729089064 0.1085907335907336
0 0.025397900440230273 0.6368243243243243 0.039282086014222825 0.07384169884169885
3 0.35692516085336945 0.8250482625482626 0.022350152387402643 0.06322393822393822
0 0.6083643752116492 0.2179054054054054 0.04300711141212327 0.06515444015444015
3 0.17727734507280732 0.631515444015444 0.02336606840501185 0.06805019305019305
3 0.9493735184558076 0.05333011583011583 0.025397900440230273 0.06805019305019305
3 0.7605824585167626 0.06467181467181467 0.026413816457839485 0.06853281853281853
3 0.02201151371486624 0.8289092664092664 0.039282086014222825 0.07094594594594594
3 0.9536065018625127 0.8221525096525096 0.027091093802912292 0.06998069498069498
3 0.3581103962072469 0.6377895752895753 0.024720623095157466 0.06901544401544402
3 0.36166610226887913 0.0777027027027027 0.024381984422621062 0.060810810810810814
0 0.5064341347781917 0.625965250965251 0.04232983406705046 0.09266409266409266
3 0.18303420250592617 0.09435328185328186 0.022688791059939047 0.06515444015444015
3 0.17947849644429395 0.4517374517374517 0.024381984422621062 0.06756756756756757
3 0.758381307145276 0.8243243243243243 0.025397900440230273 0.06756756756756757
0 0.12411107348459194 0.8216698841698842 0.1473078225533356 0.1278957528957529
3 0.17998645445309855 0.2734073359073359 0.022688791059939047 0.06805019305019305
3 0.3581103962072469 0.451496138996139 0.022688791059939047 0.06611969111969113
3 0.7605824585167626 0.24806949806949807 0.027091093802912292 0.06853281853281853
3 0.3603115475787335 0.2611003861003861 0.023704707077548254 0.06853281853281853
3 0.760074500507958 0.6300675675675675 0.027429732475448696 0.06998069498069498
3 0.9502201151371487 0.24324324324324326 0.02505926176769387 0.06756756756756757
3 0.7599051811716898 0.4408783783783784 0.027091093802912292 0.07287644787644787
1 0.5086352861496783 0.444015444015444 0.04402302742973248 0.11293436293436293
0 0.5081273281408737 0.24806949806949807 0.040975279376904844 0.08204633204633205
3 0.9536065018625127 0.6252413127413128 0.027091093802912292 0.06805019305019305
0 0.028107009820521504 0.4517374517374517 0.03860480866915002 0.07722007722007722
0 0.5101591601760921 0.060569498069498066 0.04232983406705046 0.08928571428571429
1 0.03809685066034541 0.2688223938223938 0.040298002031832036 0.10231660231660232
0 0.6063325431764307 0.8296332046332047 0.04165255672197765 0.08397683397683398
1 0.040298002031832036 0.08494208494208494 0.04131391804944125 0.10231660231660232
0 0.4282086014222824 0.8211872586872587 0.0653572637995259 0.11245173745173745
2 0.6842194378598035 0.6274131274131274 0.06874365052488994 0.111003861003861
0 0.4324415848289875 0.05333011583011583 0.0927869962749746 0.10569498069498069
1 0.10954961056552659 0.44787644787644787 0.06197087707416187 0.10521235521235521
1 0.11378259397223163 0.08325289575289575 0.06298679309177108 0.10183397683397684
1 0.6083643752116492 0.06418918918918919 0.04232983406705046 0.10521235521235521
0 0.6850660345411446 0.2277992277992278 0.08804605485946496 0.12837837837837837
1 0.6857433118862174 0.06394787644787644 0.0656959024720623 0.10183397683397684
1 0.43108703013884186 0.4454633204633205 0.0656959024720623 0.111003861003861
0 0.09989840839823907 0.6242760617760618 0.08465966813410092 0.12113899613899613
0 0.6486623772434812 0.4391891891891892 0.14188960379275314 0.12355212355212356
0 0.42973247544869625 0.23624517374517376 0.08059600406366407 0.125
1 0.1110734845919404 0.26640926640926643 0.06163223840162547 0.10231660231660232
2 0.68455807653234 0.8192567567567568 0.06671181848967152 0.11245173745173745
2 0.5060954961056553 0.8204633204633205 0.04232983406705046 0.10907335907335908
0 0.9676600067727734 0.42567567567567566 0.0646799864544531 0.13127413127413126
3 0.6063325431764307 0.619449806949807 0.04436166610226888 0.09218146718146718