8 0.589610 0.399731 0.043290 0.032796
8 0.589177 0.472312 0.038095 0.039247
8 0.586364 0.592204 0.037662 0.033871
8 0.585714 0.651344 0.038961 0.037097
8 0.906277 0.621237 0.037662 0.033871
8 0.906710 0.417204 0.038528 0.037634
8 0.895238 0.235215 0.041558 0.034946
8 0.900866 0.072312 0.041558 0.032796
8 0.593939 0.078495 0.041558 0.034409
8 0.592857 0.029839 0.041126 0.038172
8 0.309307 0.089247 0.032468 0.034409
8 0.285931 0.259140 0.035065 0.032258
8 0.164069 0.254301 0.039827 0.036559
8 0.163853 0.439785 0.039394 0.030108
8 0.279654 0.425538 0.038961 0.034946
8 0.280952 0.620699 0.038961 0.034946
