10 0.464022 0.431511 0.636531 0.046302
8 0.755304 0.134887 0.036439 0.018971
8 0.757841 0.175080 0.039668 0.024759
8 0.756227 0.225080 0.034594 0.021222
8 0.757841 0.268328 0.039668 0.018328
8 0.755535 0.322347 0.043358 0.018971
8 0.752306 0.364309 0.038745 0.023151
8 0.395756 0.363183 0.038745 0.017042
8 0.341328 0.364630 0.035055 0.019936
8 0.344327 0.268971 0.042897 0.017042
8 0.399677 0.268489 0.033672 0.016077
8 0.350784 0.174437 0.038284 0.018971
8 0.408441 0.178778 0.036439 0.020579
8 0.177814 0.140032 0.032749 0.018971
8 0.227629 0.179743 0.040129 0.019936
8 0.173201 0.178617 0.035517 0.018971
8 0.167666 0.231190 0.044742 0.021865
8 0.168358 0.269614 0.035055 0.019614
8 0.219557 0.270096 0.036900 0.017363
8 0.211716 0.365434 0.044280 0.020900
8 0.161439 0.324759 0.039668 0.021865
8 0.158902 0.363023 0.030904 0.016077
