4 0.551875 0.13033333333333333 0.14275 0.10533333333333333
4 0.325125 0.1595 0.18775 0.103
4 0.903125 0.31033333333333335 0.06175 0.10933333333333334
4 0.381375 0.3325 0.08325 0.09833333333333333
4 0.594125 0.31733333333333336 0.05875 0.108
4 0.158375 0.33066666666666666 0.05275 0.102
4 0.276125 0.3318333333333333 0.08475 0.101
4 0.81025 0.12083333333333333 0.063 0.14233333333333334
4 0.078 0.33016666666666666 0.0615 0.101
4 0.117125 0.15333333333333332 0.13625 0.10533333333333333
4 0.9035 0.11983333333333333 0.064 0.14166666666666666
4 0.71775 0.12033333333333333 0.065 0.14266666666666666
4 0.810625 0.31083333333333335 0.06475 0.10966666666666666
4 0.716875 0.312 0.06575 0.11
4 0.512875 0.31783333333333336 0.06125 0.103