4 0.10018929150892374 0.12881944444444443 0.08031368307193078 0.125
4 0.6487290427257977 0.13767361111111112 0.10275824770146025 0.1545138888888889
1 0.38791238507301246 0.16111111111111112 0.08139534883720931 0.06944444444444445
4 0.6508923742563548 0.3876736111111111 0.1065440778799351 0.14201388888888888
4 0.7890751757706869 0.15086805555555555 0.09680908599242834 0.12395833333333334
4 0.9130611141157382 0.38871527777777776 0.10194699837750135 0.13506944444444444
1 0.38372093023255816 0.4074652777777778 0.08328826392644673 0.07048611111111111
4 0.08923742563547864 0.3746527777777778 0.08004326663061113 0.13402777777777777
4 0.8001622498647918 0.7027777777777777 0.09951325040562466 0.15763888888888888
4 0.9072471606273661 0.14756944444444445 0.09951325040562466 0.12777777777777777
4 0.7931314223904813 0.38871527777777776 0.10005408328826393 0.13368055555555555
1 0.5251487290427258 0.14427083333333332 0.04975662520281233 0.10104166666666667
1 0.5247431043807463 0.3779513888888889 0.048945375878853434 0.109375