7 0.04487179487179487 0.40037243947858475 0.07478632478632478 0.2085661080074488
7 0.18002136752136752 0.4031657355679702 0.07799145299145299 0.19553072625698323
7 0.35683760683760685 0.4022346368715084 0.07478632478632478 0.2048417132216015
7 0.4935897435897436 0.39385474860335196 0.07264957264957266 0.20297951582867785
7 0.6260683760683761 0.39385474860335196 0.07478632478632478 0.20297951582867785
7 0.7585470085470085 0.39106145251396646 0.07264957264957266 0.21601489757914338
2 0.6217948717948718 0.08752327746741155 0.057692307692307696 0.16759776536312848
2 0.7451923076923077 0.08472998137802606 0.05876068376068376 0.15456238361266295
2 0.9118589743589743 0.08193668528864059 0.05876068376068376 0.1452513966480447
2 0.48717948717948717 0.09031657355679702 0.06196581196581197 0.16201117318435754
2 0.35683760683760685 0.09404096834264432 0.05982905982905983 0.17690875232774675
2 0.18055555555555555 0.0931098696461825 0.05555555555555555 0.1713221601489758
2 0.05128205128205128 0.09497206703910614 0.057692307692307696 0.1787709497206704
3 0.3573717948717949 0.660148975791434 0.05448717948717949 0.061452513966480445
3 0.49412393162393164 0.654562383612663 0.056623931623931624 0.061452513966480445
3 0.6308760683760684 0.6517690875232774 0.056623931623931624 0.07076350093109869
3 0.7617521367521367 0.6480446927374302 0.06196581196581197 0.0670391061452514
