7 0.1445562671546203 0.628463476070529 0.09515096065873742 0.32997481108312343
7 0.29322964318389755 0.6397984886649875 0.07959743824336687 0.3224181360201511
7 0.4341262580054895 0.6435768261964736 0.09057639524245197 0.32997481108312343
7 0.5731930466605673 0.6372795969773299 0.08874656907593778 0.30730478589420657
7 0.7118023787740164 0.6423173803526449 0.08417200365965233 0.2972292191435768
7 0.8490393412625801 0.6410579345088161 0.09881061299176579 0.29974811083123426
2 0.1514181152790485 0.1712846347607053 0.059469350411710885 0.2367758186397985
2 0.29048490393412624 0.1801007556675063 0.0484903934126258 0.24937027707808565
2 0.4231473010064044 0.17632241813602015 0.055809698078682524 0.24181360201511334
2 0.561299176578225 0.18261964735516373 0.053979871912168347 0.2141057934508816
2 0.7017383348581885 0.18387909319899245 0.06038426349496798 0.23173803526448364
2 0.8261665141811528 0.1801007556675063 0.06038426349496798 0.22921914357682618
2 0.9675205855443733 0.18261964735516373 0.06129917657822507 0.22921914357682618
