5 0.05885262116716122 0.4236111111111111 0.0781404549950544 0.44907407407407407
5 0.2655786350148368 0.42592592592592593 0.06627101879327399 0.4583333333333333
5 0.46636993076162214 0.4270833333333333 0.0781404549950544 0.44212962962962965
5 0.6726013847675568 0.4340277777777778 0.0751730959446093 0.44212962962962965
5 0.8768545994065282 0.4340277777777778 0.0781404549950544 0.44675925925925924
3 0.8818001978239367 0.8587962962962963 0.026706231454005934 0.09259259259259259
3 0.05242334322453017 0.8518518518518519 0.03165182987141444 0.09722222222222222
3 0.2596439169139466 0.8564814814814815 0.026706231454005934 0.10648148148148148
3 0.4688427299703264 0.8611111111111112 0.03165182987141444 0.09722222222222222
3 0.6750741839762612 0.8634259259259259 0.028684470820969338 0.0787037037037037
