3 0.3063157894736842 0.19444444444444445 0.037894736842105266 0.21497584541062803
3 0.45421052631578945 0.1956521739130435 0.04736842105263158 0.22705314009661837
3 0.6015789473684211 0.20169082125603865 0.04736842105263158 0.21980676328502416
3 0.7510526315789474 0.19806763285024154 0.034736842105263156 0.20772946859903382
3 0.8952631578947369 0.1956521739130435 0.0431578947368421 0.21256038647342995
3 0.15789473684210525 0.18357487922705315 0.04631578947368421 0.22705314009661837
7 0.4463157894736842 0.6811594202898551 0.08421052631578947 0.2995169082125604
7 0.6015789473684211 0.6908212560386473 0.07894736842105263 0.2946859903381642
7 0.7521052631578947 0.6823671497584541 0.07473684210526316 0.30676328502415456
7 0.9031578947368422 0.6871980676328503 0.09052631578947369 0.2971014492753623
2 0.15 0.6751207729468599 0.049473684210526316 0.30193236714975846
2 0.30157894736842106 0.6799516908212561 0.04736842105263158 0.30193236714975846
