10 0.501841620626151 0.66357421875 0.13075506445672191 0.0185546875
10 0.7034990791896869 0.6640625 0.1252302025782689 0.01953125
10 0.2992633517495396 0.6640625 0.13075506445672191 0.01953125
10 0.31215469613259667 0.7392578125 0.13075506445672191 0.01953125
10 0.5046040515653776 0.73779296875 0.12154696132596685 0.0166015625
10 0.6979742173112339 0.73486328125 0.1252302025782689 0.0185546875
10 0.5230202578268877 0.8173828125 0.11049723756906077 0.015625
10 0.3011049723756906 0.818359375 0.17495395948434622 0.01953125
10 0.6970534069981584 0.81298828125 0.11602209944751381 0.0185546875
10 0.8968692449355433 0.8173828125 0.08839779005524862 0.017578125
10 0.1151012891344383 0.82421875 0.08287292817679558 0.017578125
4 0.30939226519337015 0.6474609375 0.09576427255985268 0.041015625
4 0.5082872928176796 0.6455078125 0.09944751381215469 0.037109375
4 0.7053406998158379 0.64306640625 0.09944751381215469 0.0439453125
4 0.7044198895027625 0.71484375 0.0865561694290976 0.03515625
4 0.5119705340699816 0.716796875 0.08839779005524862 0.03515625
4 0.31123388581952116 0.72216796875 0.08839779005524862 0.0361328125
4 0.31767955801104975 0.80126953125 0.09392265193370165 0.0478515625
4 0.5064456721915286 0.80029296875 0.09576427255985268 0.0458984375
4 0.7016574585635359 0.794921875 0.08839779005524862 0.048828125
8 0.9125230202578268 0.6474609375 0.07550644567219153 0.02734375
8 0.0865561694290976 0.65185546875 0.07366482504604052 0.0283203125
1 0.10957642725598526 0.71875 0.06445672191528545 0.033203125
1 0.8987108655616943 0.78955078125 0.055248618784530384 0.0400390625
1 0.1132596685082873 0.79736328125 0.06077348066298342 0.0400390625
1 0.10220994475138122 0.5732421875 0.0718232044198895 0.03515625
1 0.09944751381215469 0.49755859375 0.058931860036832415 0.0341796875
1 0.09852670349907919 0.423828125 0.06077348066298342 0.03515625
1 0.09392265193370165 0.34716796875 0.06629834254143646 0.0380859375
1 0.27071823204419887 0.4951171875 0.058931860036832415 0.0390625
1 0.34806629834254144 0.49609375 0.055248618784530384 0.0390625
1 0.26427255985267034 0.4208984375 0.06077348066298342 0.041015625
1 0.34714548802946593 0.42138671875 0.06077348066298342 0.0400390625
1 0.26795580110497236 0.3466796875 0.06077348066298342 0.0390625
1 0.3443830570902394 0.34716796875 0.058931860036832415 0.0380859375
1 0.46593001841620624 0.3466796875 0.06629834254143646 0.0390625
1 0.5441988950276243 0.3466796875 0.0570902394106814 0.0390625
1 0.4686924493554328 0.421875 0.06445672191528545 0.0390625
1 0.5451197053406999 0.42236328125 0.058931860036832415 0.0380859375
1 0.5478821362799263 0.49658203125 0.053406998158379376 0.0380859375
1 0.4696132596685083 0.568359375 0.058931860036832415 0.0390625
1 0.5460405156537753 0.5693359375 0.053406998158379376 0.037109375
1 0.26979742173112337 0.57080078125 0.0570902394106814 0.0361328125
1 0.3453038674033149 0.56982421875 0.06077348066298342 0.0380859375
1 0.6629834254143646 0.56787109375 0.058931860036832415 0.0439453125
1 0.7458563535911602 0.568359375 0.05156537753222836 0.041015625
1 0.6666666666666666 0.4951171875 0.055248618784530384 0.0390625
1 0.7412523020257827 0.4951171875 0.0570902394106814 0.0390625
1 0.6639042357274402 0.4208984375 0.053406998158379376 0.037109375
1 0.7421731123388582 0.4228515625 0.055248618784530384 0.037109375
1 0.6629834254143646 0.34814453125 0.055248618784530384 0.0361328125
1 0.7412523020257827 0.34912109375 0.0570902394106814 0.0400390625
1 0.9042357274401474 0.35107421875 0.06261510128913444 0.0341796875
1 0.9079189686924494 0.4228515625 0.06629834254143646 0.037109375
1 0.9069981583793738 0.49609375 0.06077348066298342 0.037109375
1 0.9042357274401474 0.2763671875 0.06998158379373849 0.037109375
1 0.6639042357274402 0.275390625 0.0570902394106814 0.037109375
1 0.7412523020257827 0.27392578125 0.053406998158379376 0.0380859375
1 0.26887661141804786 0.27294921875 0.06629834254143646 0.0361328125
1 0.3434622467771639 0.27197265625 0.0570902394106814 0.0361328125
1 0.46593001841620624 0.1982421875 0.05156537753222836 0.033203125
1 0.5460405156537753 0.19970703125 0.053406998158379376 0.0380859375
1 0.6611418047882136 0.201171875 0.055248618784530384 0.0390625
1 0.7412523020257827 0.20361328125 0.053406998158379376 0.0400390625
1 0.46685082872928174 0.27392578125 0.053406998158379376 0.0361328125
1 0.5460405156537753 0.27392578125 0.0570902394106814 0.0361328125
1 0.9014732965009208 0.71240234375 0.053406998158379376 0.0322265625
1 0.9060773480662984 0.5693359375 0.06261510128913444 0.037109375
1 0.26335174953959484 0.19677734375 0.05156537753222836 0.0361328125
1 0.3425414364640884 0.19580078125 0.05156537753222836 0.0380859375
