1 0.19974874371859297 0.2900390625 0.0728643216080402 0.068359375
10 0.4861809045226131 0.41552734375 0.18341708542713567 0.0322265625
10 0.1922110552763819 0.416015625 0.17839195979899497 0.029296875
10 0.7751256281407035 0.41552734375 0.17839195979899497 0.0283203125
10 0.49246231155778897 0.30810546875 0.9698492462311558 0.0341796875
10 0.19597989949748743 0.52685546875 0.20603015075376885 0.0263671875
10 0.48743718592964824 0.5283203125 0.20100502512562815 0.029296875
10 0.7776381909547738 0.52734375 0.2135678391959799 0.029296875
10 0.48743718592964824 0.6552734375 0.8090452261306532 0.029296875
10 0.4899497487437186 0.81591796875 0.8944723618090452 0.0341796875
1 0.2022613065326633 0.76318359375 0.10804020100502512 0.1064453125
1 0.4836683417085427 0.759765625 0.10301507537688442 0.10546875
1 0.7751256281407035 0.75927734375 0.10301507537688442 0.1025390625
9 0.4886934673366834 0.9208984375 0.1984924623115578 0.103515625
3 0.7726130653266332 0.90625 0.08793969849246232 0.080078125
