10 0.15762463343108504 0.3515625 0.13343108504398826 0.037109375
10 0.4904692082111437 0.35107421875 0.13343108504398826 0.0400390625
10 0.8306451612903226 0.35107421875 0.13343108504398826 0.0380859375
10 0.8299120234604106 0.4921875 0.13196480938416422 0.04296875
10 0.49193548387096775 0.490234375 0.13636363636363635 0.044921875
10 0.15835777126099707 0.4921875 0.1378299120234604 0.04296875
10 0.49193548387096775 0.22412109375 0.8665689149560117 0.0458984375
10 0.4875366568914956 0.64111328125 0.9428152492668622 0.0439453125
1 0.17155425219941348 0.60791015625 0.10263929618768329 0.0947265625
1 0.49780058651026393 0.611328125 0.09237536656891496 0.09375
1 0.8225806451612904 0.60986328125 0.09090909090909091 0.0966796875
1 0.8233137829912024 0.4697265625 0.08944281524926687 0.08203125
1 0.5 0.4658203125 0.07917888563049853 0.080078125
1 0.1781524926686217 0.4658203125 0.08064516129032258 0.080078125
1 0.1744868035190616 0.33544921875 0.08797653958944282 0.0732421875
1 0.500733137829912 0.333984375 0.08944281524926687 0.0703125
1 0.8211143695014663 0.3330078125 0.08504398826979472 0.0703125
1 0.8255131964809385 0.20263671875 0.06744868035190615 0.0654296875
1 0.5021994134897361 0.20654296875 0.0718475073313783 0.0732421875
1 0.17961876832844575 0.20556640625 0.0718475073313783 0.0595703125
4 0.5036656891495601 0.93505859375 0.1744868035190616 0.1298828125
4 0.8211143695014663 0.93603515625 0.17008797653958943 0.1259765625
4 0.17668621700879766 0.93798828125 0.18035190615835778 0.1240234375
1 0.18181818181818182 0.77587890625 0.12023460410557185 0.1220703125
1 0.501466275659824 0.77685546875 0.11143695014662756 0.1123046875
1 0.8255131964809385 0.78515625 0.12023460410557185 0.09765625
