10 0.4922945205479452 0.11376953125 0.3065068493150685 0.0380859375
10 0.8330479452054794 0.123046875 0.0976027397260274 0.03125
10 0.836472602739726 0.234375 0.1523972602739726 0.033203125
10 0.4940068493150685 0.2333984375 0.2928082191780822 0.037109375
10 0.15753424657534246 0.23583984375 0.1506849315068493 0.0322265625
10 0.4888698630136986 0.33740234375 0.1523972602739726 0.0322265625
10 0.4905821917808219 0.60986328125 0.3030821917808219 0.0380859375
10 0.4905821917808219 0.474609375 0.2345890410958904 0.037109375
10 0.4828767123287671 0.78564453125 0.4280821917808219 0.0400390625
1 0.8279109589041096 0.7333984375 0.06678082191780822 0.0859375
1 0.4905821917808219 0.74365234375 0.07705479452054795 0.1025390625
1 0.16267123287671234 0.73291015625 0.06506849315068493 0.0830078125
1 0.1643835616438356 0.57177734375 0.05821917808219178 0.0556640625
1 0.16267123287671234 0.87939453125 0.06164383561643835 0.0595703125
1 0.16523972602739725 0.09814453125 0.08047945205479452 0.0712890625
1 0.16866438356164384 0.2138671875 0.08732876712328767 0.076171875
1 0.836472602739726 0.21533203125 0.0839041095890411 0.0693359375
1 0.5034246575342466 0.212890625 0.21232876712328766 0.072265625
1 0.4974315068493151 0.09423828125 0.21404109589041095 0.0654296875
1 0.4931506849315068 0.5810546875 0.0684931506849315 0.078125
9 0.4982876712328767 0.92919921875 0.1917808219178082 0.1318359375
10 0.16695205479452055 0.12060546875 0.10787671232876712 0.0341796875
