10 0.5005020080321285 0.1806640625 0.856425702811245 0.046875
10 0.28263052208835343 0.32470703125 0.1214859437751004 0.0400390625
10 0.4954819277108434 0.32275390625 0.2901606425702811 0.0439453125
10 0.7113453815261044 0.32470703125 0.12751004016064257 0.0380859375
10 0.873995983935743 0.32958984375 0.12349397590361445 0.0419921875
10 0.8785140562248996 0.47705078125 0.11847389558232932 0.0400390625
10 0.7133534136546185 0.4775390625 0.13152610441767068 0.0390625
10 0.49447791164658633 0.4736328125 0.2961847389558233 0.04296875
10 0.2816265060240964 0.4765625 0.12550200803212852 0.041015625
10 0.12600401606425704 0.478515625 0.1214859437751004 0.04296875
10 0.12198795180722892 0.638671875 0.11746987951807229 0.044921875
10 0.27058232931726905 0.63818359375 0.10742971887550201 0.0400390625
10 0.49748995983935745 0.63671875 0.32630522088353414 0.048828125
10 0.7213855421686747 0.64111328125 0.11546184738955824 0.0419921875
10 0.8765060240963856 0.64111328125 0.11646586345381527 0.0439453125
9 0.501004016064257 0.8974609375 0.142570281124498 0.150390625
4 0.7143574297188755 0.92578125 0.11144578313253012 0.095703125
4 0.8669678714859438 0.92431640625 0.10943775100401607 0.0986328125
4 0.14407630522088352 0.92724609375 0.10542168674698796 0.1025390625
1 0.49849397590361444 0.30224609375 0.05321285140562249 0.0791015625
1 0.7168674698795181 0.3017578125 0.05622489959839357 0.08203125
1 0.8649598393574297 0.30224609375 0.055220883534136546 0.0830078125
1 0.5015060240963856 0.44775390625 0.06325301204819277 0.0849609375
1 0.7128514056224899 0.44873046875 0.05823293172690763 0.0888671875
1 0.8659638554216867 0.44873046875 0.05120481927710843 0.0947265625
1 0.29066265060240964 0.45068359375 0.05321285140562249 0.0849609375
1 0.13855421686746988 0.3046875 0.040160642570281124 0.083984375
1 0.2816265060240964 0.30419921875 0.04116465863453815 0.0888671875
