10 0.4960159362549801 0.17236328125 0.28818061088977426 0.0439453125
10 0.20451527224435592 0.17138671875 0.15670650730411687 0.0380859375
10 0.7888446215139442 0.17919921875 0.15670650730411687 0.0419921875
10 0.7875166002656042 0.31689453125 0.16201859229747675 0.0361328125
10 0.50066401062417 0.31201171875 0.2948207171314741 0.0361328125
10 0.2058432934926959 0.31396484375 0.16201859229747675 0.0419921875
10 0.20783532536520585 0.4609375 0.16334661354581673 0.041015625
10 0.50199203187251 0.4609375 0.30810092961487384 0.044921875
10 0.7921646746347941 0.4658203125 0.16069057104913678 0.041015625
10 0.7901726427622842 0.62841796875 0.16733067729083664 0.0400390625
10 0.5 0.62451171875 0.24833997343957503 0.0419921875
10 0.6082337317397079 0.79931640625 0.5630810092961488 0.0458984375
1 0.5683930942895087 0.42919921875 0.06108897742363878 0.0888671875
1 0.7768924302788844 0.43017578125 0.06108897742363878 0.0908203125
1 0.4203187250996016 0.28515625 0.057104913678618856 0.08203125
1 0.5717131474103586 0.28759765625 0.05179282868525897 0.0810546875
1 0.7795484727755644 0.29345703125 0.06108897742363878 0.0771484375
1 0.20650730411686588 0.2861328125 0.05976095617529881 0.087890625
1 0.7855245683930943 0.74462890625 0.07304116865869854 0.1083984375
7 0.20252324037184594 0.1494140625 0.0650730411686587 0.08203125
7 0.38114209827357237 0.1484375 0.05843293492695883 0.08203125
7 0.4555112881806109 0.1484375 0.05843293492695883 0.0859375
7 0.5305444887118194 0.1435546875 0.0650730411686587 0.080078125
7 0.602921646746348 0.15185546875 0.06108897742363878 0.0830078125
7 0.7795484727755644 0.158203125 0.06905710491367861 0.07421875
