10 0.3943089430894309 0.25341796875 0.12601626016260162 0.0458984375
10 0.12550813008130082 0.25244140625 0.12296747967479675 0.0439453125
10 0.1173780487804878 0.38818359375 0.15142276422764228 0.0439453125
10 0.39227642276422764 0.3876953125 0.14634146341463414 0.041015625
10 0.6072154471544715 0.388671875 0.14532520325203252 0.04296875
10 0.8770325203252033 0.3935546875 0.14227642276422764 0.048828125
10 0.8988821138211383 0.55224609375 0.20223577235772358 0.0439453125
10 0.5035569105691057 0.55126953125 0.38109756097560976 0.0498046875
10 0.09959349593495935 0.5517578125 0.19715447154471544 0.05078125
10 0.10060975609756098 0.724609375 0.1991869918699187 0.046875
10 0.4994918699186992 0.7255859375 0.4095528455284553 0.0546875
10 0.8988821138211383 0.7265625 0.20223577235772358 0.048828125
1 0.13719512195121952 0.2412109375 0.06910569105691057 0.05859375
1 0.3983739837398374 0.24169921875 0.06910569105691057 0.0693359375
1 0.6021341463414634 0.2392578125 0.06402439024390244 0.072265625
1 0.8556910569105691 0.2412109375 0.06300813008130081 0.072265625
10 0.6067073170731707 0.25537109375 0.12601626016260162 0.0458984375
10 0.8709349593495935 0.2587890625 0.12398373983739837 0.04296875
1 0.1366869918699187 0.37548828125 0.0701219512195122 0.0693359375
1 0.3978658536585366 0.37451171875 0.0701219512195122 0.0732421875
1 0.6026422764227642 0.3740234375 0.07520325203252033 0.072265625
1 0.8582317073170732 0.3759765625 0.06605691056910569 0.076171875
1 0.8602642276422764 0.5244140625 0.07621951219512195 0.09765625
1 0.6026422764227642 0.52197265625 0.07317073170731707 0.0986328125
1 0.3978658536585366 0.5244140625 0.0741869918699187 0.095703125
1 0.13465447154471544 0.52978515625 0.0741869918699187 0.0908203125
1 0.1326219512195122 0.69091796875 0.0782520325203252 0.1142578125
1 0.39684959349593496 0.6923828125 0.08231707317073171 0.11328125
1 0.6026422764227642 0.69287109375 0.07926829268292683 0.1181640625
1 0.8592479674796748 0.69287109375 0.0741869918699187 0.1103515625
4 0.14227642276422764 0.880859375 0.1016260162601626 0.14453125
4 0.39735772357723576 0.95166015625 0.1402439024390244 0.0869140625
