10 0.1875 0.181640625 0.1986842105263158 0.048828125
10 0.5125 0.18359375 0.19342105263157894 0.048828125
10 0.8315789473684211 0.1845703125 0.19473684210526315 0.046875
10 0.8361842105263158 0.3427734375 0.21973684210526315 0.052734375
10 0.5092105263157894 0.3408203125 0.2236842105263158 0.05078125
10 0.1868421052631579 0.34521484375 0.2236842105263158 0.0517578125
10 0.18289473684210528 0.51806640625 0.23421052631578948 0.0478515625
10 0.5092105263157894 0.5166015625 0.23421052631578948 0.048828125
10 0.8414473684210526 0.5166015625 0.23026315789473684 0.05078125
1 0.20065789473684212 0.32470703125 0.10657894736842105 0.0869140625
1 0.5098684210526315 0.322265625 0.10394736842105264 0.0859375
1 0.8171052631578948 0.32177734375 0.10263157894736842 0.0869140625
1 0.5125 0.16943359375 0.10394736842105264 0.0732421875
1 0.8197368421052632 0.16943359375 0.09473684210526316 0.0751953125
1 0.1993421052631579 0.16845703125 0.09868421052631579 0.0732421875
9 0.5118421052631579 0.8935546875 0.15789473684210525 0.17578125
4 0.8230263157894737 0.91064453125 0.1986842105263158 0.1552734375
