7 0.07569721115537849 0.56982421875 0.06573705179282868 0.1533203125
7 0.19870517928286852 0.5654296875 0.06673306772908366 0.15234375
7 0.3296812749003984 0.5712890625 0.06772908366533864 0.154296875
7 0.48306772908366535 0.56884765625 0.06374501992031872 0.1552734375
7 0.6344621513944223 0.56982421875 0.061752988047808766 0.1455078125
7 0.7604581673306773 0.56884765625 0.060756972111553786 0.1455078125
7 0.8854581673306773 0.568359375 0.053784860557768925 0.14453125
2 0.06772908366533864 0.31494140625 0.055776892430278883 0.1279296875
2 0.19870517928286852 0.31787109375 0.052788844621513946 0.1240234375
2 0.33117529880478086 0.31689453125 0.060756972111553786 0.1220703125
2 0.48406374501992033 0.318359375 0.06374501992031872 0.1328125
2 0.6329681274900398 0.3193359375 0.05876494023904383 0.140625
2 0.7619521912350598 0.32080078125 0.055776892430278883 0.1318359375
2 0.8879482071713147 0.3212890625 0.05876494023904383 0.126953125
2 0.6314741035856574 0.0947265625 0.053784860557768925 0.119140625
2 0.7609561752988048 0.09814453125 0.053784860557768925 0.1181640625
2 0.8914342629482072 0.1015625 0.05976095617529881 0.1171875
2 0.48306772908366535 0.09423828125 0.061752988047808766 0.1162109375
2 0.3341633466135458 0.0947265625 0.05876494023904383 0.119140625
2 0.19820717131474103 0.09765625 0.05976095617529881 0.1171875
2 0.07021912350597609 0.09765625 0.060756972111553786 0.1171875
7 0.20866533864541834 0.85986328125 0.08067729083665338 0.1826171875
7 0.33665338645418325 0.857421875 0.0796812749003984 0.1640625
7 0.6304780876494024 0.87548828125 0.07569721115537849 0.2080078125
7 0.7549800796812749 0.86767578125 0.07171314741035857 0.1884765625
7 0.8715139442231076 0.86279296875 0.06772908366533864 0.1943359375
7 0.47808764940239046 0.8623046875 0.12151394422310757 0.244140625
7 0.08764940239043825 0.87158203125 0.07370517928286853 0.1845703125
