7 0.10888671875 0.3564189189189189 0.0439453125 0.16216216216216217
7 0.88232421875 0.3623310810810811 0.0419921875 0.16722972972972974
7 0.88427734375 0.597972972972973 0.0478515625 0.16216216216216217
7 0.88427734375 0.8673986486486487 0.0458984375 0.14695945945945946
7 0.748046875 0.8673986486486487 0.0390625 0.14358108108108109
7 0.6630859375 0.8673986486486487 0.0390625 0.14358108108108109
7 0.580078125 0.8682432432432432 0.037109375 0.13851351351351351
7 0.4970703125 0.8648648648648649 0.037109375 0.14189189189189189
7 0.103515625 0.8961148648648649 0.044921875 0.19087837837837837
7 0.24560546875 0.8851351351351351 0.0361328125 0.1554054054054054
10 0.5810546875 0.700168918918919 0.048828125 0.03547297297297297
10 0.66357421875 0.6993243243243243 0.0498046875 0.033783783783783786
10 0.74560546875 0.6984797297297297 0.0478515625 0.03547297297297297
10 0.88525390625 0.7018581081081081 0.0576171875 0.03885135135135135
10 0.4990234375 0.6993243243243243 0.044921875 0.033783783783783786
10 0.24169921875 0.6976351351351351 0.0478515625 0.033783783783783786
2 0.2470703125 0.38175675675675674 0.03515625 0.11486486486486487
2 0.32958984375 0.38260135135135137 0.0322265625 0.11317567567567567
2 0.41357421875 0.3842905405405405 0.0341796875 0.11655405405405406
2 0.49755859375 0.3876689189189189 0.0341796875 0.12331081081081081
2 0.5810546875 0.3842905405405405 0.033203125 0.11317567567567567
2 0.662109375 0.3842905405405405 0.03125 0.11655405405405406
2 0.7470703125 0.3842905405405405 0.033203125 0.12331081081081081
2 0.7470703125 0.6182432432432432 0.033203125 0.125
2 0.6640625 0.6157094594594594 0.033203125 0.11993243243243243
2 0.58203125 0.6114864864864865 0.0390625 0.125
2 0.49951171875 0.6165540540540541 0.0341796875 0.12162162162162163
2 0.41455078125 0.6157094594594594 0.0380859375 0.12331081081081081
10 0.10595703125 0.11064189189189189 0.1591796875 0.06925675675675676
10 0.888671875 0.11233108108108109 0.162109375 0.07263513513513513
