2 0.06640625 0.18177240684793555 0.05078125 0.10372608257804633
2 0.20849609375 0.18076535750251763 0.0517578125 0.10775427995971802
2 0.35986328125 0.18177240684793555 0.0517578125 0.10372608257804633
2 0.50732421875 0.18277945619335348 0.0556640625 0.10171198388721048
2 0.6552734375 0.18328298086606243 0.052734375 0.1067472306143001
2 0.79736328125 0.18731117824773413 0.0537109375 0.1067472306143001
2 0.94189453125 0.1908358509566969 0.0458984375 0.10574018126888217
2 0.50927734375 0.3987915407854985 0.0615234375 0.12084592145015106
2 0.66015625 0.3972809667673716 0.052734375 0.11983887210473314
2 0.361328125 0.39627391742195367 0.056640625 0.12185297079556898
2 0.21044921875 0.39778449144008055 0.0556640625 0.12487411883182276
2 0.06396484375 0.3987915407854985 0.0556640625 0.11681772406847936
2 0.064453125 0.6460221550855992 0.05859375 0.12789526686807653
2 0.21240234375 0.6500503524672709 0.0556640625 0.1299093655589124
2 0.3603515625 0.6460221550855992 0.056640625 0.12588116817724068
2 0.51025390625 0.6445115810674723 0.0595703125 0.12084592145015106
2 0.65673828125 0.648036253776435 0.0517578125 0.12588116817724068
2 0.8017578125 0.648539778449144 0.056640625 0.12487411883182276
2 0.94091796875 0.6465256797583081 0.0498046875 0.1228600201409869
10 0.52587890625 0.7316213494461229 0.1748046875 0.05740181268882175
7 0.06494140625 0.8726082578046325 0.0673828125 0.10976837865055387
7 0.2099609375 0.877139979859013 0.06640625 0.1148036253776435
7 0.3583984375 0.8746223564954683 0.060546875 0.10372608257804633
7 0.65576171875 0.8831822759315207 0.0576171875 0.12890231621349446
7 0.7958984375 0.877139979859013 0.06640625 0.12084592145015106
7 0.51025390625 0.9103726082578046 0.0830078125 0.17925478348439072
