2 0.07666015625 0.36885245901639346 0.0419921875 0.11202185792349727
2 0.21728515625 0.3674863387978142 0.0458984375 0.10109289617486339
2 0.357421875 0.36543715846994534 0.046875 0.10792349726775956
2 0.49951171875 0.36885245901639346 0.0517578125 0.10382513661202186
2 0.64111328125 0.37158469945355194 0.0439453125 0.09836065573770492
2 0.77734375 0.375 0.044921875 0.10245901639344263
2 0.91064453125 0.37841530054644806 0.0400390625 0.11202185792349727
2 0.9091796875 0.592896174863388 0.04296875 0.12021857923497267
2 0.77734375 0.5935792349726776 0.044921875 0.1133879781420765
2 0.6396484375 0.5969945355191257 0.048828125 0.12568306010928962
2 0.49951171875 0.5963114754098361 0.0439453125 0.12431693989071038
2 0.35791015625 0.5908469945355191 0.0439453125 0.12431693989071038
2 0.2138671875 0.5942622950819673 0.04296875 0.12021857923497267
2 0.07861328125 0.5963114754098361 0.0439453125 0.12704918032786885
2 0.0830078125 0.8469945355191257 0.0390625 0.08743169398907104
2 0.2216796875 0.8476775956284153 0.044921875 0.09153005464480875
2 0.3603515625 0.8490437158469946 0.04296875 0.09972677595628415
7 0.49853515625 0.880464480874317 0.1025390625 0.23633879781420766
7 0.63720703125 0.8463114754098361 0.0400390625 0.0942622950819672
