5 0.130859375 0.2059447983014862 0.05078125 0.11889596602972399
5 0.27734375 0.20116772823779194 0.05078125 0.1178343949044586
5 0.41796875 0.20116772823779194 0.048828125 0.11146496815286625
5 0.13330078125 0.4007430997876858 0.0537109375 0.12845010615711253
5 0.2802734375 0.4007430997876858 0.052734375 0.12845010615711253
5 0.4208984375 0.3980891719745223 0.048828125 0.1316348195329087
5 0.1328125 0.6236730360934183 0.0546875 0.13481953290870488
5 0.279296875 0.6242038216560509 0.05078125 0.14012738853503184
5 0.42431640625 0.6226114649681529 0.0517578125 0.13694267515923567
5 0.57421875 0.4033970276008493 0.046875 0.11677282377919321
5 0.5654296875 0.19745222929936307 0.05078125 0.1040339702760085
5 0.75732421875 0.1921443736730361 0.0537109375 0.10828025477707007
5 0.759765625 0.39490445859872614 0.044921875 0.12951167728237792
5 0.57763671875 0.6268577494692145 0.0498046875 0.1305732484076433
5 0.765625 0.6220806794055201 0.041015625 0.13800424628450106
5 0.90087890625 0.39331210191082805 0.0517578125 0.1326963906581741
5 0.89794921875 0.19692144373673037 0.0498046875 0.11995753715498939
10 0.69677734375 0.21072186836518048 0.2802734375 0.06687898089171974
10 0.7021484375 0.4309978768577495 0.279296875 0.06581740976645435
10 0.7099609375 0.6587048832271762 0.28125 0.06687898089171974
