10 0.4604449938195303 0.20166015625 0.4635352286773795 0.0498046875
10 0.4641532756489493 0.3828125 0.46600741656365885 0.05859375
10 0.465389369592089 0.56201171875 0.47342398022249693 0.0595703125
10 0.46600741656365885 0.744140625 0.4672435105067985 0.046875
5 0.2700865265760198 0.71875 0.05562422744128554 0.080078125
5 0.2694684796044499 0.54248046875 0.05686032138442522 0.0888671875
5 0.2694684796044499 0.3740234375 0.05686032138442522 0.083984375
5 0.6118665018541409 0.37255859375 0.042027194066749075 0.0810546875
5 0.6143386897404203 0.5419921875 0.049443757725587144 0.095703125
5 0.6106304079110012 0.7177734375 0.0519159456118665 0.078125
3 0.49814585908529047 0.36767578125 0.032138442521631644 0.0654296875
3 0.38813349814585907 0.36572265625 0.029666254635352288 0.0615234375
3 0.38936959208899874 0.52978515625 0.037082818294190356 0.0673828125
3 0.49876390605686033 0.52880859375 0.03337453646477132 0.0595703125
3 0.38875154511742893 0.705078125 0.03584672435105068 0.060546875
3 0.496291718170581 0.70654296875 0.03584672435105068 0.0615234375
3 0.4969097651421508 0.19873046875 0.029666254635352288 0.0576171875
3 0.38813349814585907 0.2001953125 0.042027194066749075 0.056640625
5 0.6056860321384425 0.21630859375 0.037082818294190356 0.0888671875
5 0.26823238566131025 0.20263671875 0.049443757725587144 0.0634765625
2 0.842398022249691 0.216796875 0.14215080346106304 0.095703125
2 0.8411619283065513 0.39013671875 0.13226205191594562 0.1025390625
2 0.8454882571075402 0.54931640625 0.13102595797280595 0.1005859375
2 0.8436341161928307 0.7158203125 0.1273176761433869 0.076171875
8 0.9023485784919654 0.24072265625 0.04697156983930779 0.0263671875
