7 0.2890625 0.0928652321630804 0.03515625 0.06568516421291053
7 0.8408203125 0.09229898074745187 0.03125 0.05549263873159683
1 0.291015625 0.6381653454133636 0.064453125 0.11211778029445074
1 0.44091796875 0.6426953567383918 0.0380859375 0.10305775764439411
1 0.5634765625 0.6472253680634201 0.0390625 0.11211778029445074
1 0.68798828125 0.644960362400906 0.0380859375 0.10532276330690826
1 0.83935546875 0.6443941109852774 0.0634765625 0.10192525481313704
1 0.83935546875 0.4592298980747452 0.0634765625 0.08946772366930918
1 0.68896484375 0.46206115515288787 0.0400390625 0.09513023782559456
1 0.56640625 0.4609286523216308 0.0390625 0.0928652321630804
1 0.44189453125 0.4626274065685164 0.0380859375 0.0985277463193658
1 0.43994140625 0.28029445073612685 0.0322265625 0.08946772366930918
1 0.564453125 0.2797281993204983 0.033203125 0.09060022650056625
1 0.68994140625 0.28029445073612685 0.0361328125 0.08946772366930918
5 0.31103515625 0.27802944507361266 0.0224609375 0.09173272933182333
5 0.27001953125 0.27916194790486976 0.0263671875 0.0985277463193658
5 0.8232421875 0.2836919592298981 0.025390625 0.0985277463193658
5 0.8642578125 0.2836919592298981 0.029296875 0.10079275198187995
4 0.07080078125 0.26727066817667045 0.0693359375 0.09060022650056625
4 0.55908203125 0.8442808607021518 0.0693359375 0.14156285390713477
10 0.5732421875 0.7083805209513023 0.40625 0.04869762174405436
10 0.84228515625 0.7123442808607021 0.0751953125 0.02944507361268403
10 0.29345703125 0.7123442808607021 0.0869140625 0.03397508493771234
10 0.29150390625 0.5203850509626274 0.1064453125 0.04190260475651189
1 0.29052734375 0.4609286523216308 0.0673828125 0.09739524348810873
