7 0.31298828125 0.13903394255874674 0.0166015625 0.04308093994778068
7 0.333984375 0.1370757180156658 0.013671875 0.04177545691906005
7 0.40771484375 0.1370757180156658 0.0166015625 0.044386422976501305
7 0.4306640625 0.1370757180156658 0.013671875 0.04177545691906005
7 0.5068359375 0.13838120104438642 0.01953125 0.044386422976501305
7 0.52880859375 0.1370757180156658 0.0166015625 0.044386422976501305
7 0.603515625 0.13511749347258487 0.015625 0.04308093994778068
7 0.62744140625 0.13642297650130547 0.0146484375 0.04569190600522193
7 0.6904296875 0.13511749347258487 0.017578125 0.04046997389033943
7 0.24658203125 0.1370757180156658 0.0166015625 0.044386422976501305
7 0.24658203125 0.2539164490861619 0.0244140625 0.06135770234986945
7 0.30322265625 0.25522193211488253 0.0263671875 0.0639686684073107
7 0.34228515625 0.25326370757180156 0.0263671875 0.06005221932114883
7 0.39892578125 0.2545691906005222 0.0224609375 0.057441253263707574
7 0.43701171875 0.25326370757180156 0.0244140625 0.06005221932114883
7 0.49755859375 0.2519582245430809 0.0244140625 0.057441253263707574
7 0.5390625 0.25261096605744127 0.0234375 0.05613577023498695
7 0.59423828125 0.25130548302872063 0.0263671875 0.0587467362924282
7 0.63525390625 0.25 0.0224609375 0.05613577023498695
7 0.69140625 0.2506527415143603 0.025390625 0.06005221932114883
7 0.2490234375 0.38903394255874674 0.02734375 0.07049608355091384
7 0.30419921875 0.38903394255874674 0.0322265625 0.06266318537859007
7 0.34423828125 0.38838120104438645 0.0283203125 0.0639686684073107
7 0.40185546875 0.3870757180156658 0.0322265625 0.0639686684073107
7 0.4404296875 0.38838120104438645 0.02734375 0.06135770234986945
7 0.49755859375 0.3870757180156658 0.0302734375 0.06135770234986945
7 0.5380859375 0.3877284595300261 0.03125 0.06788511749347259
7 0.5947265625 0.38642297650130547 0.02734375 0.06527415143603134
7 0.6328125 0.38642297650130547 0.029296875 0.06266318537859007
7 0.69287109375 0.3877284595300261 0.0302734375 0.06266318537859007
7 0.49951171875 0.5143603133159269 0.0322265625 0.0783289817232376
7 0.53955078125 0.512402088772846 0.0341796875 0.08224543080939947
7 0.59521484375 0.5254569190600522 0.0302734375 0.10052219321148825
7 0.63623046875 0.5150130548302873 0.0322265625 0.08485639686684072
7 0.69140625 0.5117493472584856 0.029296875 0.08616187989556136
10 0.46923828125 0.5593994778067886 0.5556640625 0.02741514360313316
10 0.24658203125 0.43733681462140994 0.0322265625 0.020887728459530026
10 0.302734375 0.4366840731070496 0.037109375 0.022193211488250653
10 0.34375 0.4366840731070496 0.033203125 0.022193211488250653
10 0.4013671875 0.4360313315926893 0.03515625 0.02349869451697128
10 0.43994140625 0.43537859007832896 0.0361328125 0.024804177545691905
10 0.498046875 0.4347258485639687 0.033203125 0.02349869451697128
10 0.53759765625 0.4347258485639687 0.0341796875 0.020887728459530026
10 0.5947265625 0.4347258485639687 0.037109375 0.02610966057441253
10 0.6357421875 0.4347258485639687 0.0390625 0.028720626631853787
10 0.69189453125 0.4347258485639687 0.0361328125 0.028720626631853787
1 0.24462890625 0.6533942558746736 0.0302734375 0.07180156657963446
1 0.30517578125 0.6553524804177546 0.0263671875 0.06527415143603134
1 0.3447265625 0.6546997389033943 0.0234375 0.0639686684073107
1 0.4013671875 0.6553524804177546 0.025390625 0.06266318537859007
1 0.44091796875 0.6533942558746736 0.0283203125 0.06657963446475196
1 0.49755859375 0.6546997389033943 0.0283203125 0.06657963446475196
1 0.53759765625 0.6546997389033943 0.0283203125 0.06919060052219321
1 0.59423828125 0.6540469973890339 0.0283203125 0.06527415143603134
1 0.63525390625 0.6546997389033943 0.0283203125 0.06657963446475196
1 0.693359375 0.6540469973890339 0.02734375 0.0731070496083551
4 0.26904296875 0.8257180156657964 0.0556640625 0.07702349869451697
