1 0.1763888888888889 0.20556640625 0.09722222222222222 0.1513671875
1 0.4979166666666667 0.20263671875 0.09861111111111111 0.1357421875
1 0.825 0.19775390625 0.09444444444444444 0.1455078125
1 0.8215277777777777 0.5078125 0.10138888888888889 0.154296875
1 0.5013888888888889 0.5029296875 0.1 0.150390625
1 0.17847222222222223 0.51513671875 0.09583333333333334 0.1630859375
0 0.17569444444444443 0.794921875 0.09583333333333334 0.140625
0 0.8194444444444444 0.79150390625 0.09166666666666666 0.1376953125
9 0.49444444444444446 0.84033203125 0.2 0.2412109375
10 0.16111111111111112 0.5927734375 0.2 0.072265625
10 0.8576388888888888 0.5908203125 0.20416666666666666 0.07421875
10 0.16180555555555556 0.265625 0.1986111111111111 0.080078125
10 0.8548611111111111 0.26806640625 0.2013888888888889 0.0830078125
