1 0.3176470588235294 0.2233560090702948 0.05714285714285714 0.12471655328798185
1 0.5647058823529412 0.25056689342403626 0.06722689075630252 0.1655328798185941
1 0.7924369747899159 0.21541950113378686 0.06218487394957983 0.12244897959183673
1 0.8042016806722689 0.48299319727891155 0.06890756302521009 0.14058956916099774
1 0.8058823529411765 0.746031746031746 0.06890756302521009 0.12698412698412698
1 0.5705882352941176 0.7879818594104309 0.06890756302521009 0.17913832199546487
1 0.326890756302521 0.7596371882086168 0.06890756302521009 0.11791383219954649
1 0.32521008403361346 0.4931972789115646 0.06890756302521009 0.12471655328798185
1 0.0773109243697479 0.23696145124716553 0.043697478991596636 0.12018140589569161
1 0.07563025210084033 0.4977324263038549 0.05042016806722689 0.12471655328798185
1 0.07478991596638655 0.7585034013605442 0.052100840336134456 0.13378684807256236
1 0.5689075630252101 0.5090702947845805 0.07226890756302522 0.17006802721088435
10 0.5596638655462185 0.30385487528344673 0.1915966386554622 0.07709750566893424
10 0.5630252100840336 0.5566893424036281 0.20504201680672268 0.07936507936507936
