10 0.6232876712328768 0.1913946587537092 0.6255707762557078 0.08011869436201781
10 0.632420091324201 0.4094955489614243 0.6255707762557078 0.05934718100890208
10 0.6415525114155252 0.615727002967359 0.634703196347032 0.08011869436201781
1 0.18493150684931506 0.526706231454006 0.2237442922374429 0.09198813056379822
1 0.18493150684931506 0.3219584569732938 0.2237442922374429 0.09198813056379822
1 0.1689497716894977 0.11127596439169139 0.2191780821917808 0.09198813056379822
1 0.7168949771689498 0.142433234421365 0.091324200913242 0.08902077151335312
1 0.730593607305936 0.33382789317507416 0.1004566210045662 0.08011869436201781
1 0.7351598173515982 0.5356083086053413 0.091324200913242 0.07418397626112759
1 0.7374429223744292 0.7462908011869436 0.1324200913242009 0.08605341246290801
3 0.4771689497716895 0.9124629080118695 0.1324200913242009 0.050445103857566766
