10 0.8444656488549618 0.6274703557312253 0.21183206106870228 0.06521739130434782
10 0.8473282442748091 0.3893280632411067 0.2099236641221374 0.06324110671936758
10 0.8435114503816794 0.15118577075098813 0.21755725190839695 0.05731225296442688
1 0.8501908396946565 0.13339920948616601 0.07442748091603053 0.08498023715415019
1 0.8520992366412213 0.35079051383399207 0.07442748091603053 0.1482213438735178
1 0.8549618320610687 0.5859683794466403 0.06870229007633588 0.1482213438735178
1 0.4961832061068702 0.5681818181818182 0.07251908396946564 0.11264822134387352
1 0.49713740458015265 0.34782608695652173 0.06679389312977099 0.08695652173913043
1 0.23568702290076335 0.5681818181818182 0.07442748091603053 0.116600790513834
1 0.4933206106870229 0.8142292490118577 0.07442748091603053 0.1225296442687747
1 0.23377862595419846 0.83399209486166 0.07442748091603053 0.07509881422924901
1 0.2719465648854962 0.09090909090909091 0.05534351145038168 0.06719367588932806
1 0.5133587786259542 0.08794466403162056 0.0648854961832061 0.0691699604743083
1 0.8559160305343512 0.8241106719367589 0.07061068702290077 0.09486166007905138
