10 0.3008130081300813 0.43383742911153117 0.11924119241192412 0.06994328922495274
10 0.6964769647696477 0.44045368620037806 0.12737127371273713 0.06805293005671077
10 0.7018970189701897 0.6767485822306238 0.12737127371273713 0.06805293005671077
4 0.47628726287262874 0.5264650283553876 0.058265582655826556 0.48582230623818523
3 0.5785907859078591 0.6294896030245747 0.024390243902439025 0.06427221172022685
3 0.5785907859078591 0.7863894139886578 0.02710027100271003 0.030245746691871456
3 0.5779132791327913 0.8724007561436673 0.023035230352303523 0.07750472589792061
3 0.3692411924119241 0.6209829867674859 0.028455284552845527 0.05103969754253308
1 0.27710027100271 0.3553875236294896 0.06368563685636856 0.08695652173913043
1 0.1388888888888889 0.3676748582230624 0.058265582655826556 0.10775047258979206
1 0.28387533875338755 0.5973534971644613 0.058265582655826556 0.1323251417769376
1 0.279810298102981 0.8440453686200378 0.058265582655826556 0.1266540642722117
1 0.12737127371273713 0.6096408317580341 0.08943089430894309 0.10775047258979206
1 0.13279132791327913 0.8544423440453687 0.0948509485094851 0.0945179584120983
1 0.657859078590786 0.3648393194706994 0.052845528455284556 0.09829867674858223
1 0.6680216802168022 0.5935727788279773 0.04878048780487805 0.11720226843100189
1 0.6693766937669376 0.8440453686200378 0.04878048780487805 0.13043478260869565
1 0.8299457994579946 0.6011342155009451 0.05013550135501355 0.1323251417769376
1 0.8279132791327913 0.8412098298676749 0.04336043360433604 0.11720226843100189
9 0.4464769647696477 0.9310018903591682 0.058265582655826556 0.1266540642722117
