1 0.30377668308702793 0.36056644880174293 0.06239737274220033 0.1503267973856209
1 0.3054187192118227 0.5860566448801743 0.052545155993431854 0.17429193899782136
1 0.1174055829228243 0.5588235294117647 0.05747126436781609 0.12418300653594772
1 0.7126436781609196 0.35838779956427014 0.059113300492610835 0.14596949891067537
1 0.7151067323481116 0.55119825708061 0.060755336617405585 0.13507625272331156
1 0.8489326765188834 0.5718954248366013 0.09195402298850575 0.1111111111111111
1 0.7167487684729064 0.8224400871459695 0.060755336617405585 0.14161220043572983
4 0.513136288998358 0.4880174291938998 0.06403940886699508 0.47058823529411764
3 0.40311986863711 0.5806100217864923 0.031198686371100164 0.06753812636165578
3 0.4014778325123153 0.49673202614379086 0.024630541871921183 0.034858387799564274
3 0.4072249589490969 0.29520697167755994 0.022988505747126436 0.0457516339869281
3 0.39326765188834156 0.1394335511982571 0.03776683087027915 0.04357298474945534
3 0.13218390804597702 0.1568627450980392 0.024630541871921183 0.08714596949891068
3 0.8399014778325123 0.16013071895424835 0.024630541871921183 0.08061002178649238
3 0.6223316912972086 0.7799564270152506 0.03284072249589491 0.04357298474945534
3 0.6272577996715928 0.5 0.026272577996715927 0.032679738562091505
3 0.6206896551724138 0.5816993464052288 0.03284072249589491 0.0784313725490196
3 0.6239737274220033 0.29302832244008714 0.022988505747126436 0.037037037037037035
3 0.6206896551724138 0.8562091503267973 0.029556650246305417 0.06971677559912855
9 0.3021346469622332 0.8453159041394336 0.1444991789819376 0.2570806100217865
9 0.11330049261083744 0.8453159041394336 0.15435139573070608 0.2657952069716776
9 0.8538587848932676 0.8442265795206971 0.1412151067323481 0.25925925925925924
2 0.48686371100164205 0.8899782135076253 0.060755336617405585 0.15468409586056645
