10 0.38777624309392267 0.2669198895027624 0.0787292817679558 0.0324585635359116
10 0.5464433701657458 0.2630064456721915 0.07665745856353591 0.02785451197053407
10 0.38691298342541436 0.3532458563535912 0.0763121546961326 0.035681399631675874
10 0.5460117403314917 0.3503683241252302 0.07959254143646409 0.03729281767955801
10 0.5455801104972375 0.4285220994475138 0.07803867403314917 0.03476058931860037
10 0.38596339779005523 0.43070902394106814 0.07717541436464088 0.03314917127071823
10 0.13173342541436464 0.2800414364640884 0.07285911602209945 0.038904235727440145
10 0.13199240331491713 0.3569290976058932 0.07337707182320442 0.028775322283609576
10 0.1298342541436464 0.43370165745856354 0.07769337016574586 0.029465930018416207
10 0.12387776243093923 0.5109346224677717 0.07130524861878453 0.027394106813996316
10 0.8251899171270718 0.34484346224677714 0.0820096685082873 0.034530386740331494
10 0.8242403314917127 0.25886279926335176 0.07665745856353591 0.0324585635359116
10 0.826139502762431 0.42679558011049723 0.09012430939226519 0.03867403314917127
10 0.8255352209944752 0.5105893186003683 0.08477209944751381 0.028084714548802948
8 0.7364468232044199 0.3416206261510129 0.017783149171270718 0.017955801104972375
8 0.6363950276243094 0.3458793738489871 0.015193370165745856 0.01358195211786372
8 0.6440780386740331 0.23825966850828728 0.013639502762430939 0.011049723756906077
8 0.5933183701657458 0.3807550644567219 0.017437845303867404 0.01289134438305709
8 0.5953038674033149 0.400207182320442 0.01761049723756906 0.015423572744014733
8 0.7670925414364641 0.5074815837937385 0.015883977900552487 0.01680478821362799
8 0.7609633977900553 0.43186003683241253 0.01225828729281768 0.013351749539594844
8 0.46287983425414364 0.29523480662983426 0.015538674033149171 0.01358195211786372
8 0.33727555248618785 0.2722145488029466 0.01294889502762431 0.01634438305709024
8 0.3017092541436464 0.32228360957642727 0.013294198895027625 0.01565377532228361
8 0.30757941988950277 0.42806169429097607 0.015366022099447514 0.017265193370165747
8 0.456664364640884 0.36763351749539597 0.015883977900552487 0.01427255985267035
8 0.48264848066298344 0.3550874769797422 0.013984806629834255 0.014502762430939226
8 0.45692334254143646 0.44244935543278086 0.013639502762430939 0.01151012891344383
8 0.5 0.44106813996316757 0.011740331491712707 0.013351749539594844
1 0.6211153314917127 0.39571823204419887 0.02917817679558011 0.0363720073664825
1 0.6212016574585635 0.4736418047882136 0.028660220994475138 0.039825046040515656
1 0.20925414364640885 0.32251381215469616 0.02658839779005525 0.03222836095764273
1 0.2064053867403315 0.4006675874769797 0.027451657458563535 0.036141804788213626
1 0.12897099447513813 0.39410681399631675 0.06906077348066299 0.03729281767955801
0 0.21072168508287292 0.2466620626151013 0.02710635359116022 0.03383977900552486
0 0.2058011049723757 0.47605893186003684 0.02796961325966851 0.037753222836095765
0 0.7459426795580111 0.4738720073664825 0.03055939226519337 0.038904235727440145
0 0.7463743093922652 0.3962937384898711 0.029696132596685083 0.036141804788213626
0 0.7471512430939227 0.314341620626151 0.03055939226519337 0.038904235727440145
0 0.7457700276243094 0.23296500920810312 0.02917817679558011 0.03406998158379374
0 0.7465469613259669 0.5573204419889503 0.026933701657458564 0.040976058931860036
0 0.20208908839779005 0.5558241252302025 0.030214088397790054 0.03522099447513812
8 0.7232389502762431 0.5918508287292817 0.01830110497237569 0.020718232044198894
8 0.20804558011049723 0.27750920810313073 0.01830110497237569 0.01956721915285451
8 0.20830455801104972 0.35151933701657456 0.016747237569060772 0.017955801104972375
0 0.6215469613259669 0.31560773480662985 0.028660220994475138 0.0423572744014733
0 0.6197341160220995 0.23791436464088397 0.028142265193370167 0.03660220994475138
0 0.4029696132596685 0.23952578268876612 0.0162292817679558 0.028314917127071824
0 0.45545580110497236 0.33943370165745856 0.01830110497237569 0.0324585635359116
0 0.32588052486187846 0.24343922651933703 0.02710635359116022 0.0315377532228361
0 0.3238950276243094 0.3220534069981584 0.0231353591160221 0.03360957642725598
1 0.3242403314917127 0.39986187845303867 0.02589779005524862 0.034530386740331494
1 0.5386740331491713 0.3939917127071823 0.015883977900552487 0.0315377532228361
1 0.8298515193370166 0.39076887661141807 0.016747237569060772 0.0315377532228361
